3.5032461608120427e-46,6.5431035534264222e-44,6.6057807290278381e-42,4.5409294560930916e-40,2.3519866747596082e-38,9.7213150089001052e-37,3.3273321984121926e-35,9.6779047663053471e-34,2.4381762145608636e-32,5.398871982927749e-31,1.0629648966788436e-29,1.8783551287862218e-28,3.0021380472989418e-27,4.3680057073319482e-26,5.8171943052095106e-25,7.1245788911937062e-24,8.0571410488205125e-23,8.4432966595979182e-22,8.2242381048745595e-21,7.4664601881128275e-20,6.3330866521331821e-19,5.0295142746146371e-18,3.7469037458142132e-17,2.6229564100747033e-16,1.7279791215128292e-15,1.0727560548420733e-14,6.2834956793633292e-14,3.4762022612678128e-13,1.8181323164613744e-12,8.997631903375206e-12,4.2163306697951538e-11,1.8720833756439164e-10,7.8802814150265993e-10,3.1462262628983671e-9,1.1919033952563948e-8,4.2858130523965494e-8,1.4630958281530093e-7,4.7428024776014712e-7,1.4600407629746606e-6,4.2685222298413241e-6,0.000011851076208039376,0.000031243577151970845,0.000078200781762772066,0.00018578151459788568,0.0004187904635483151,0.0008954116751120207,0.0018149920998641511,0.0034858669518476231,0.0063394353999915156,0.010908691037378583,0.017746447722029513,0.027268019579360967,0.039530619729354827,0.054004346470519707,0.069430882866783237,0.083878123418815005,0.095056233135622311,0.10086080570049225,0.099987535534693247,0.092385698543067922,0.079344380596675838,0.063144701841232248,0.046401689841360136,0.031357825075201328,0.019397059766361523,0.010922585673723024,0.0055630016266804564,0.0025429381859546729,0.0010335711381431707,0.00036923183344882733,0.00011425006734426262,0.000030041929852224348,6.5415426584391802e-6,1.1366652565805389e-6,1.4881766756979872e-7,1.3266508600395153e-8,6.3927248664188825e-10
6.5431035534264222e-44,1.1797531771150635e-41,1.149084098404387e-39,7.6156825285670891e-38,3.8005018951704202e-36,1.5124033573207273e-34,4.9803292570496889e-33,1.392620672543094e-31,3.3702594366410608e-30,7.1629380122974105e-29,1.3524627966320221e-27,2.2898913740918612e-26,3.5034370530988977e-25,4.874736247615421e-24,6.2021804102813215e-23,7.2492167066156807e-22,7.8150208242881214e-21,7.7977844231363344e-20,7.2232441922069857e-19,6.2282934747848493e-18,5.0106995352418037e-17,3.7689193133841057e-16,2.6553156566700526e-15,1.7550734158498612e-14,1.0898598215574063e-13,6.3662597257084611e-13,3.5019593280203128e-12,1.8157819326360426e-11,8.8817311708479593e-11,4.1012356264978014e-10,1.7888173209560756e-9,7.3731618677645573e-9,2.872983835799571e-8,1.0585539314097593e-7,3.6885506923909701e-7,1.2155627581662424e-6,3.7883136187220385e-6,0.000011162965509924423,0.000031091654433035058,0.000081817731740164899,0.00020329989735012786,0.00047664042304372476,0.0010534370593326526,0.0021923048792994269,0.004290167834046337,0.0078815462258295217,0.013565850240874361,0.021824082668059415,0.032720088951308809,0.045556893840403407,0.058656753573957502,0.069494016170134005,0.075347783630101724,0.074406627688275116,0.066913239160253731,0.055687439789121699,0.045465398353128595,0.04104146799309562,0.044968873805815586,0.056059506507557881,0.069670172094598105,0.079787669671952574,0.081819410813761037,0.074544527161537592,0.060235255746087878,0.043119745497711178,0.027282962224012744,0.015194515591349031,0.007400599535754469,0.0031235113245867592,0.001127987384637816,0.00034249823797013084,0.000085318718349835044,0.000016821219784387076,2.4806584709583944e-6,2.474694826067043e-7,1.3266508600395153e-8
6.6057807290278381e-42,1.149084098404387e-39,1.0790619188741526e-37,6.8903308452229444e-36,3.310550915796565e-34,1.2674601511279305e-32,4.0123477502214693e-31,1.0777053345517615e-29,2.5032002848889975e-28,5.1016601015617947e-27,9.2286951003401651e-26,1.4955934875012212e-24,2.1879987667989989e-23,2.9080928616333434e-22,3.5304883503101968e-21,3.9329687181233714e-20,4.0362637494338809e-19,3.8290834436020684e-18,3.3678709758611214e-17,2.7535047575029636e-16,2.0973403236683663e-15,1.4912981442854207e-14,9.9157148458718247e-14,6.1745122222476739e-13,3.6055264209144054e-12,1.9765664377965562e-11,1.0182333279840007e-10,4.9331551523068303e-10,2.2491988132543026e-9,9.6555880863184448e-9,3.9042658556037326e-8,1.4873462605061881e-7,5.3387432236286419e-7,1.8055139487632261e-6,5.7519344256528744e-6,0.000017255455482001299,0.00004872060370027667,0.00012937951294577599,0.00032283931643495058,0.00075608780215823452,0.0016595793773455268,0.0034079614288190702,0.0065331019445814156,0.011660514217585286,0.019314052308367793,0.0295696868074996,0.041639138124541292,0.053609471778333361,0.062663958510826626,0.06601457067803725,0.062388702560366272,0.053346846673789986,0.043368403967875312,0.038026093625402497,0.040787697124646822,0.050363784518487884,0.060826163108886419,0.065165247452904588,0.060265594880308296,0.049608358681734543,0.041211913050466654,0.041933114251640516,0.052363350879666657,0.066275899824182593,0.074942993672701341,0.072816192812481299,0.060378791143676935,0.042720165828587217,0.025759082850943806,0.013175621906309835,0.0056655426858074341,0.0020184023909580439,0.00058263844288251284,0.00013170327606932308,0.000022064759791494688,2.4806584709583944e-6,1.4881766756979872e-7
4.5409294560930916e-40,7.6156825285670891e-38,6.8903308452229444e-36,4.2360301351331574e-34,1.9580358291939587e-32,7.2064109355018097e-31,2.1912732952556351e-29,5.64865790336784e-28,1.2580739568951828e-26,2.4563400908720903e-25,4.2527178730479786e-24,6.5895015387931387e-23,9.2074916328667089e-22,1.167556429868019e-20,1.3507521147203974e-19,1.432196020234064e-18,1.3971538787171261e-17,1.2582106306493614e-16,1.0490246261685132e-15,8.117635865769943e-15,5.8429004188777216e-14,3.9192149499031421e-13,2.4538356019425838e-12,1.4360532197282834e-11,7.8647507392192891e-11,4.0347265135201866e-10,1.9404533553306092e-9,8.7542935302697129e-9,3.7064866374987505e-8,1.4731553849516079e-7,5.497016000289627e-7,1.9256152917443206e-6,6.3309444158875631e-6,0.000019526815121324177,0.000056464194436909554,0.00015293447186254714,0.00038754549305673382,0.00091745288715351913,0.0020252889767265833,0.0041594694316444975,0.0079251316511782048,0.013959521009517099,0.022633049221608746,0.033595654298432722,0.045352644250875413,0.055236755009704522,0.060162958469271554,0.058202429057034964,0.050292914566299563,0.040756266017985647,0.035496754273471506,0.038252639994855051,0.047334836822009056,0.055982993735217293,0.057234286413777158,0.050021014296255501,0.040897974934849463,0.038720270233093043,0.046292708750649961,0.057039117302805721,0.060819439989420014,0.053886625841434553,0.043047972964539681,0.039447101774329757,0.047950425351779245,0.062555296073522152,0.071809178963708283,0.068293447887504737,0.05335576712216183,0.034249056001229897,0.018008255424408612,0.0076826000590599478,0.0026108774815027901,0.00068514788020641147,0.00013170327606932308,0.000016821219784387076,1.1366652565805389e-6
2.3519866747596082e-38,3.8005018951704202e-36,3.310550915796565e-34,1.9580358291939587e-32,8.7004839528370429e-31,3.0757310123711254e-29,8.9755779878562476e-28,2.2185094632918689e-26,4.7333469776252099e-25,8.8445152570288055e-24,1.4639710990939167e-22,2.1663778207675677e-21,2.8876902377772114e-20,3.4890040287848773e-19,3.8412532614437959e-18,3.8708220754258099e-17,3.5838187076604892e-16,3.0585719654297482e-15,2.4128970958871585e-14,1.7638135068796466e-13,1.1971749743835428e-12,7.5582185678875999e-12,4.4451445424601022e-11,2.4383569529781753e-10,1.2488045932966662e-9,5.9761933385265387e-9,2.6738985968119945e-8,1.1189857221410241e-7,4.3807121839718583e-7,1.6043420726434834e-6,5.4951456147949244e-6,0.000017595008003824308,0.000052628003066569881,0.00014690247843338412,0.00038216890924935493,0.00092504652693919922,0.0020788840836017925,0.0043261339695027542,0.0083086661455272992,0.014666475012705186,0.023672014766675639,0.034709722816239984,0.045866980136765099,0.054107520480058514,0.056427547996271179,0.051805582719290064,0.042795092227977655,0.035066305265677492,0.034120554963975672,0.040867102071893547,0.049906005959905827,0.053327065724191046,0.047950554188553257,0.039226898936365094,0.036556605423128685,0.043372641437224377,0.052573555385849424,0.053821104132939733,0.045697857724442791,0.038234020021850757,0.04135555288990962,0.052410544191666462,0.058633694425327745,0.052528525464493209,0.041462815796866834,0.039423302847342753,0.050873361790160395,0.065732690884161223,0.0700755254671023,0.059147713878424874,0.039414669188540504,0.020679996280323485,0.0084410082982769446,0.0026108774815027901,0.00058263844288251284,0.000085318718349835044,6.5415426584391802e-6
9.7213150089001052e-37,1.5124033573207273e-34,1.2674601511279305e-32,7.2064109355018097e-31,3.0757310123711254e-29,1.0434851411566531e-27,2.9197311473418322e-26,6.9131455874808206e-25,1.4115256892293489e-23,2.5214576847959041e-22,3.9856214230887328e-21,5.6258486657964601e-20,7.1445173484000113e-19,8.2137571973193834e-18,8.5931048859043534e-17,8.216787997523385e-16,7.2079974605512358e-15,5.8192173326420267e-14,4.3353585454584002e-13,2.9873987260869801e-12,1.9077086080307437e-11,1.1308027012117807e-10,6.2301403125666799e-10,3.1938137654211991e-9,1.5246760459912548e-8,6.7819119300346448e-8,2.8117723579341312e-7,1.0866863504281638e-6,3.9143471931214126e-6,0.000013136113413498019,0.00004104167217263769,0.000119260160811368,0.00032187279343364749,0.00080541102627214169,0.001864260942263331,0.0039801806753659598,0.0078097138131309684,0.014019385206314814,0.022892781401209911,0.033761213750141315,0.044566036712138842,0.052102505691974892,0.053388067477026715,0.047844930055053764,0.03882664714721214,0.032536740850766638,0.033859381665135752,0.041798878492699317,0.049226073775822587,0.048939747765884135,0.041314163050412226,0.03493932216513568,0.037548458996157832,0.046407614854010919,0.050675498639461598,0.04492130673823991,0.037050163097779479,0.038460794123944205,0.048040779226292527,0.052745628272842401,0.045946012843305401,0.037851037267226556,0.041413341716983439,0.05301327114221458,0.056769176375435542,0.047333226111946866,0.038285882940810787,0.043931614688429086,0.060173138459806338,0.069593162313579673,0.061513606046926959,0.041113724179121933,0.020679996280323485,0.0076826000590599478,0.0020184023909580439,0.00034249823797013084,0.000030041929852224348
3.3273321984121926e-35,4.9803292570496889e-33,4.0123477502214693e-31,2.1912732952556351e-29,8.9755779878562476e-28,2.9197311473418322e-26,7.8258112949023973e-25,1.7732074663182756e-23,3.4611138715739627e-22,5.903978019558917e-21,8.9012830586533782e-20,1.1969567711434645e-18,1.4462317504269328e-17,1.5797555263987163e-16,1.5680298856482599e-15,1.4203553394035575e-14,1.1783986210992163e-13,8.9819345193820044e-13,6.3059579922922306e-12,4.0867230355656425e-11,2.4491796962400426e-10,1.3593153339595693e-9,6.9947536984908402e-9,3.3400210339476144e-8,1.4808133287018424e-7,6.0975418918843345e-7,2.3319500067775937e-6,8.2808102111087021e-6,0.000027287177470139359,0.000083362407813478401,0.0002357942504252251,0.00061642292339561281,0.0014859648459995336,0.0032934120627636744,0.006686079453149157,0.012374661619092135,0.020755427301075783,0.031309420325223057,0.04207667543662223,0.049807861315230761,0.051343777795972906,0.045967149766121012,0.037116143266691792,0.0312174823266217,0.033088113339260993,0.041101463260251031,0.047507035575474334,0.045646922992447948,0.037708457305822952,0.033313895708254797,0.03825035098776574,0.046340870730269821,0.046717109532294446,0.038975559188423506,0.034774042006681757,0.041054550415822409,0.048699923270185851,0.045897099644704107,0.037390408213253792,0.03785601347150156,0.047686649051914892,0.05120308622263896,0.04269194069887558,0.03717546243358636,0.045729732465939162,0.055910590073720996,0.051495713804453493,0.039693932905522844,0.040834681561137907,0.057189682076847057,0.069191201600666554,0.061513606046926959,0.039414669188540504,0.018008255424408612,0.0056655426858074341,0.001127987384637816,0.00011425006734426262
9.6779047663053471e-34,1.392620672543094e-31,1.0777053345517615e-29,5.64865790336784e-28,2.2185094632918689e-26,6.9131455874808206e-25,1.7732074663182756e-23,3.8408586762338567e-22,7.1588063770851181e-21,1.1647074716635733e-19,1.6727669642527318e-18,2.1399549610975272e-17,2.4564420668752994e-16,2.5454431634978087e-15,2.3930667072145239e-14,2.0497550654610709e-13,1.6052028786372065e-12,1.1526933715590697e-11,7.6087530423119856e-11,4.6259381424957085e-10,2.5946204461871091e-9,1.3442520383106883e-8,6.4390089857078665e-8,2.8532911099409495e-7,1.169981869046375e-6,4.4390791318859029e-6,0.000015578035636440853,0.000050524595589718147,0.00015126867393598055,0.00041738139390984761,0.0010590060369788826,0.0024637793215442776,0.0052365787779421738,0.010120419362251674,0.017678889664165927,0.027701461726772293,0.038561046159021557,0.047127369442524677,0.049936634652126889,0.045609854820280245,0.037004778535539954,0.030550570965946894,0.031661739559134455,0.039287784223646312,0.045672595564065768,0.043845885909181969,0.036075995070565554,0.032271188110504305,0.037677221175494071,0.044978900837888663,0.043713674200321513,0.035946919020565031,0.034164491465318847,0.041744626003485927,0.046484688310896193,0.040498462668986543,0.034593216291626766,0.040084339835200097,0.047840297034818362,0.043953877363335942,0.036052512059495455,0.040169090140371339,0.049946547405482268,0.047428034975160459,0.037789173373659557,0.0409951389856098,0.053555506790972826,0.053398524160733382,0.040877040741353692,0.040010597703475898,0.057189682076847057,0.069593162313579673,0.059147713878424874,0.034249056001229897,0.013175621906309835,0.0031235113245867592,0.00036923183344882733
2.4381762145608636e-32,3.3702594366410608e-30,2.5032002848889975e-28,1.2580739568951828e-26,4.7333469776252099e-25,1.4115256892293489e-23,3.4611138715739627e-22,7.1588063770851181e-21,1.2726088098625653e-19,1.9722877142453818e-18,2.6947183584481806e-17,3.2748987907282832e-16,3.5658889194836661e-15,3.499479875359822e-14,3.1105564837852854e-13,2.5144401332030281e-12,1.8547299947971044e-11,1.2518924057326202e-10,7.7497494562782055e-10,4.4078968416070196e-9,2.306778453246186e-8,1.1118575277324098e-7,4.9389679789872413e-7,2.0224632448362965e-6,7.63363052777588e-6,0.000026543787531867934,0.000084949858576450831,0.00024986546376737183,0.00067410282141011854,0.001663667136647486,0.0037430008469011271,0.0076426104876459733,0.014080932108400301,0.023236877378307552,0.034023274487979105,0.043681716802680771,0.048517612957955464,0.046158715648582447,0.038221495542112891,0.030686364676268193,0.029944737369555055,0.036630523741362993,0.043708055281262919,0.043180302370585338,0.035807315934478677,0.031329192800292711,0.036056133269325479,0.043256027034128964,0.042106711045227681,0.034587280588527276,0.033352930773996733,0.040887013394696488,0.044257824782019867,0.037571399214524187,0.033600438441364739,0.040556227219560559,0.045548754439241209,0.039010296612931957,0.034598048631805717,0.042395119049994249,0.047256142871478744,0.039433408531436358,0.036212194276577774,0.046196605424716761,0.049580722151580344,0.039617974360289881,0.038829061852005927,0.051977769954221756,0.053891260292801136,0.040877040741353692,0.040834681561137907,0.060173138459806338,0.0700755254671023,0.05335576712216183,0.025759082850943806,0.007400599535754469,0.0010335711381431707
5.398871982927749e-31,7.1629380122974105e-29,5.1016601015617947e-27,2.4563400908720903e-25,8.8445152570288055e-24,2.5214576847959041e-22,5.903978019558917e-21,1.1647074716635733e-19,1.9722877142453818e-18,2.9077955319204591e-17,3.7740589144406733e-16,4.3504984668763268e-15,4.4859612184184193e-14,4.1618875715618807e-13,3.4907843792943344e-12,2.6574388732883416e-11,1.8420917853604765e-10,1.1657394640301472e-9,6.7489282862159033e-9,3.5801474492973165e-8,1.7421812551386974e-7,7.7824765830868938e-7,3.1922328652840638e-6,0.000012021379750652756,0.000041536302412536911,0.00013153082129687233,0.00038108297291842459,0.0010078207649299014,0.0024252385620120812,0.0052886544353386929,0.010395222142904223,0.018290059242880612,0.028550318077837338,0.039091366718632495,0.04630796387945557,0.046833258047602905,0.040493908631050404,0.032032121165850583,0.028600042210267247,0.033363935215701446,0.041176997403483947,0.043014741826176878,0.036693669224399202,0.030777871056160184,0.033735478558710809,0.041201467981840949,0.041539808249175937,0.03434449260996762,0.032131948266468404,0.039102350600385368,0.042734375962650125,0.036365959726760562,0.032687361813093283,0.039559728848073241,0.043443739737166281,0.036535737465241138,0.034018446560948087,0.042228068042261542,0.043828561608143576,0.035649107671834838,0.037072449598058981,0.046273956210407744,0.042899382325815526,0.035403469746130195,0.043083808016127702,0.050065003812058081,0.040798890510391989,0.03825261141049115,0.051977769954221756,0.053398524160733382,0.039693932905522844,0.043931614688429086,0.065732690884161223,0.068293447887504737,0.042720165828587217,0.015194515591349031,0.0025429381859546729
1.0629648966788436e-29,1.3524627966320221e-27,9.2286951003401651e-26,4.2527178730479786e-24,1.4639710990939167e-22,3.9856214230887328e-21,8.9012830586533782e-20,1.6727669642527318e-18,2.6947183584481806e-17,3.7740589144406733e-16,4.6461359988405891e-15,5.071689546494466e-14,4.9435821699379323e-13,4.3274875758456121e-12,3.4178426730800023e-11,2.4447244965628652e-10,1.5885096502077321e-9,9.3988667720670089e-9,5.0732150322875211e-8,2.5013941639038694e-7,1.1275214074713682e-6,4.6478418302866564e-6,0.000017518026081853918,0.00006032825431061752,0.00018958405931174037,0.00054260966260552748,0.0014105978004590573,0.0033187158450461366,0.0070324457256702037,0.013337992302741801,0.022458330509304122,0.03321864622062561,0.042592494395909015,0.046635706206758072,0.043202463172074986,0.034850375040644713,0.028510079432623551,0.030042838353967679,0.037657415300625334,0.042451624850028876,0.038471619090990021,0.031232875002064136,0.031231336965576851,0.038464604087207828,0.041348902563783602,0.035160655909517276,0.030947185425179236,0.036590951930361847,0.041614984172565686,0.036398260075111439,0.031695119261573199,0.037630540535485535,0.042024271921812153,0.035627806272285054,0.03304391258384961,0.040823945753111394,0.041647820832686639,0.033983431778817704,0.036858731065447564,0.044462295109333963,0.038899197322181762,0.034614037005851992,0.043879147658630447,0.044815571158288918,0.035750602637836902,0.041523013727283602,0.050078666812714638,0.040798890510391989,0.038829061852005927,0.053555506790972826,0.051495713804453493,0.038285882940810787,0.050873361790160395,0.071809178963708283,0.060378791143676935,0.027282962224012744,0.0055630016266804564
1.8783551287862218e-28,2.2898913740918612e-26,1.4955934875012212e-24,6.5895015387931387e-23,2.1663778207675677e-21,5.6258486657964601e-20,1.1969567711434645e-18,2.1399549610975272e-17,3.2748987907282832e-16,4.3504984668763268e-15,5.071689546494466e-14,5.2333181962752436e-13,4.8128906607981735e-12,3.966901195244935e-11,2.94345637864714e-10,1.9732458845051269e-9,1.1985267956714129e-8,6.6098478680772917e-8,3.3149861291181674e-7,1.5133471884903227e-6,6.2912756602519311e-6,0.000023812877922209804,0.00008200254399899003,0.0002565479268262306,0.00072760111014147191,0.0018649851264077158,0.0043024819684736444,0.0088846458682776601,0.016304206246457894,0.02633828626483711,0.03699919527021298,0.044523643810677981,0.045219881023685141,0.038821375224546139,0.030478210442757823,0.027750983941368679,0.033244894161904758,0.040471726173150224,0.040365299022654456,0.033204363914225941,0.029465767976934255,0.034871249132682834,0.04057331597768103,0.036903227335363928,0.030590705890516255,0.033533114226809915,0.040159823063002046,0.037371168725120625,0.031143707509410782,0.035007591352584298,0.040854577070261581,0.035875612223184693,0.031809008136885575,0.038713374379031689,0.04064409838773571,0.033288400797308368,0.035469781354443182,0.042617829275333966,0.037128485741120507,0.033831334320782454,0.042632073681302115,0.041362795915164162,0.034122353083823157,0.042038337032633414,0.045517826289502612,0.035990099914489851,0.041523013727283602,0.050065003812058081,0.039617974360289881,0.0409951389856098,0.055910590073720996,0.047333226111946866,0.039423302847342753,0.062555296073522152,0.072816192812481299,0.043119745497711178,0.010922585673723024
3.0021380472989418e-27,3.5034370530988977e-25,2.1879987667989989e-23,9.2074916328667089e-22,2.8876902377772114e-20,7.1445173484000113e-19,1.4462317504269328e-17,2.4564420668752994e-16,3.5658889194836661e-15,4.4859612184184193e-14,4.9435821699379323e-13,4.8128906607981735e-12,4.1674979302389713e-11,3.2269101207263614e-10,2.2438762657061407e-9,1.4059488090689041e-8,7.9581158231947153e-8,4.0768287085651235e-7,1.8924269274798113e-6,7.9640593647607021e-6,0.000030382399828651295,0.00010498816042233696,0.00032811364496777588,0.00092520890055199649,0.0023459282172071659,0.0053240125316737202,0.010747883387127274,0.019142581332985648,0.029756534683232102,0.039814268502235053,0.045108804365334497,0.042740583655552963,0.034631479506673713,0.027861934049514184,0.029005095477273517,0.036501502040625578,0.040948080283298908,0.036449623635410899,0.029649631120522157,0.031030488188012972,0.038205308012593668,0.038786070251043012,0.031866842569720343,0.030639232876281425,0.037563011706360217,0.038636666457439585,0.031789227157102162,0.032099102240160984,0.039112858258131056,0.037011772496233911,0.031006133010613689,0.035916651795307898,0.040161263082698713,0.033490934991765401,0.033378457060577319,0.040846518346136749,0.036823030462097108,0.03260656019585766,0.040627521008232111,0.039829871293684654,0.033093840894745582,0.040641411531948478,0.042554948792024218,0.034231216034236716,0.041392943283490847,0.045517826289502612,0.035750602637836902,0.043083808016127702,0.049580722151580344,0.037789173373659557,0.045729732465939162,0.056769176375435542,0.041462815796866834,0.047950425351779245,0.074942993672701341,0.060235255746087878,0.019397059766361523
4.3680057073319482e-26,4.874736247615421e-24,2.9080928616333434e-22,1.167556429868019e-20,3.4890040287848773e-19,8.2137571973193834e-18,1.5797555263987163e-16,2.5454431634978087e-15,3.499479875359822e-14,4.1618875715618807e-13,4.3274875758456121e-12,3.966901195244935e-11,3.2269101207263614e-10,2.341481959874026e-9,1.5216680614097737e-8,8.8841136912475208e-8,4.6703211846114548e-7,2.213889540961155e-6,9.4702167838794855e-6,0.00003655593071050894,0.00012723771800353432,0.00039869088076271244,0.0011217757597718112,0.0028236957871803638,0.0063263747471193336,0.012529248238355235,0.021733733009688816,0.032622221617843968,0.04172053417265034,0.044690103806933561,0.039821433578043341,0.031195061528031048,0.026899374612952244,0.031269604706250496,0.038755805324224357,0.039421132494780143,0.032455203947113349,0.028612121233026468,0.034025177820753767,0.039199356564281177,0.034802250274700699,0.029344256127341428,0.033670065434129303,0.038869626879164344,0.033990763490952517,0.029969736836004463,0.036084578445078011,0.038265117182303498,0.031540293537807092,0.032674572987907817,0.039188205791274133,0.034780377938164637,0.031313048320881384,0.038546423322401434,0.037514764285940864,0.031514593992352172,0.038006852692242269,0.039520289686455049,0.032339111757377517,0.038255627395841432,0.041190785206790961,0.033276548996530094,0.039527964419902211,0.042876806761396523,0.034231216034236716,0.042038337032633414,0.044815571158288918,0.035403469746130195,0.046196605424716761,0.047428034975160459,0.03717546243358636,0.05301327114221458,0.052528525464493209,0.039447101774329757,0.066275899824182593,0.074544527161537592,0.031357825075201328
5.8171943052095106e-25,6.2021804102813215e-23,3.5304883503101968e-21,1.3507521147203974e-19,3.8412532614437959e-18,8.5931048859043534e-17,1.5680298856482599e-15,2.3930667072145239e-14,3.1105564837852854e-13,3.4907843792943344e-12,3.4178426730800023e-11,2.94345637864714e-10,2.2438762657061407e-9,1.5216680614097737e-8,9.2141586914035127e-8,4.9957796946467696e-7,2.4297791732121104e-6,0.000010611617163149268,0.000041621712213498844,0.00014651398586572731,0.00046211358715447541,0.001302430647569314,0.0032671566114574234,0.0072541106095424833,0.014148610414503313,0.023996355726819946,0.034917413477670343,0.04286158789743352,0.043632241342402017,0.036931428892669963,0.028722041517448103,0.027174767537710272,0.033692325130892416,0.039664434966697067,0.036767380827239034,0.02952884895106463,0.029604553018361867,0.036626481511904609,0.037766695611746736,0.03098763677452417,0.029854182636749018,0.036637054048842143,0.036777572424862277,0.030139013673014333,0.032077329354969044,0.038107320919697976,0.033799907095183343,0.030106414722677356,0.036675923797161125,0.036729486722516796,0.030446084807847389,0.035216832540389948,0.038400953132289065,0.031518962149692038,0.034686233913145819,0.03949985235104278,0.0324657260959636,0.035173252874217394,0.040546979971251365,0.033058123186029308,0.036716434664865945,0.04164638514358132,0.033434344471996553,0.039527964419902211,0.042554948792024218,0.034122353083823157,0.043879147658630447,0.042899382325815526,0.036212194276577774,0.049946547405482268,0.04269194069887558,0.041413341716983439,0.058633694425327745,0.043047972964539681,0.052363350879666657,0.081819410813761037,0.046401689841360136
7.1245788911937062e-24,7.2492167066156807e-22,3.9329687181233714e-20,1.432196020234064e-18,3.8708220754258099e-17,8.216787997523385e-16,1.4203553394035575e-14,2.0497550654610709e-13,2.5144401332030281e-12,2.6574388732883416e-11,2.4447244965628652e-10,1.9732458845051269e-9,1.4059488090689041e-8,8.8841136912475208e-8,4.9957796946467696e-7,2.5058763825711481e-6,0.000011227358081399636,0.000044950767258213006,0.00016072951592243494,0.0005124550616081651,0.0014527968967236824,0.0036468489223939537,0.008057676952354204,0.015542641721312735,0.02588498353676639,0.036677530104447749,0.043420864905392649,0.042258770015178411,0.034361222663881716,0.027172056153936991,0.028193984948136798,0.035737936586494276,0.039383945639055094,0.033863043740810849,0.028049317796658818,0.031618169746090273,0.037874992717204792,0.034953560900690398,0.028799785176467043,0.032128023615163373,0.037636730232495973,0.033102273613164069,0.029153493184814532,0.035219128602095573,0.036531695488188668,0.030010233487913167,0.03263299391036047,0.037694019042490659,0.03186804972189831,0.031441838145187891,0.037975850010052533,0.033299918829690805,0.031347584002303654,0.038421241722519532,0.03402988422865757,0.031993910454263075,0.039371982538833635,0.034089951995894883,0.033464285465250004,0.040661079832241456,0.033633488985596889,0.036212769048731381,0.04164638514358132,0.033276548996530094,0.040641411531948478,0.041362795915164162,0.034614037005851992,0.046273956210407744,0.039433408531436358,0.040169090140371339,0.05120308622263896,0.037851037267226556,0.052410544191666462,0.053886625841434553,0.041933114251640516,0.079787669671952574,0.063144701841232248
8.0571410488205125e-23,7.8150208242881214e-21,4.0362637494338809e-19,1.3971538787171261e-17,3.5838187076604892e-16,7.2079974605512358e-15,1.1783986210992163e-13,1.6052028786372065e-12,1.8547299947971044e-11,1.8420917853604765e-10,1.5885096502077321e-9,1.1985267956714129e-8,7.9581158231947153e-8,4.6703211846114548e-7,2.4297791732121104e-6,0.000011227358081399636,0.000046111608480058872,0.0001682747516703459,0.00054481727286359897,0.001560571641475108,0.0039375030540327106,0.0086962202198861415,0.01666519175714309,0.027382456015164268,0.037969147212312213,0.043584787505193109,0.040821843565505812,0.032247027969997664,0.026368709251566246,0.02952958344396732,0.037181831350144199,0.038300370887459786,0.031309521982490565,0.027843029251334286,0.033731911477653446,0.037675325224314629,0.031966332761194761,0.028480863451051186,0.03455509932062561,0.036498271600919872,0.029952792548085339,0.030639171535117833,0.036823132293120985,0.032981335017078933,0.029282004643597535,0.035662658172039632,0.034983691401463695,0.029405410457781629,0.034952033433701207,0.035987979786595062,0.029851144306216771,0.035207736463876691,0.036389349473737657,0.030264795603733769,0.036457293461580027,0.036213270607543235,0.030947943817962729,0.03850640687391408,0.03523427615627114,0.032756673890680155,0.04061128871489193,0.033633488985596889,0.036716434664865945,0.041190785206790961,0.033093840894745582,0.042632073681302115,0.038899197322181762,0.037072449598058981,0.047256142871478744,0.036052512059495455,0.047686649051914892,0.045946012843305401,0.04135555288990962,0.060819439989420014,0.041211913050466654,0.069670172094598105,0.079344380596675838
8.4432966595979182e-22,7.7977844231363344e-20,3.8290834436020684e-18,1.2582106306493614e-16,3.0585719654297482e-15,5.8192173326420267e-14,8.9819345193820044e-13,1.1526933715590697e-11,1.2518924057326202e-10,1.1657394640301472e-9,9.3988667720670089e-9,6.6098478680772917e-8,4.0768287085651235e-7,2.213889540961155e-6,0.000010611617163149268,0.000044950767258213006,0.0001682747516703459,0.00055597885283912143,0.0016168087173675003,0.0041198927134680336,0.0091389147862979029,0.017485255527050591,0.028490184833817652,0.03887003888394094,0.04351919577450057,0.039497651615236125,0.030615010855676047,0.026090715923879817,0.03087945444767118,0.038022166278377117,0.036824088082678175,0.029386162845585711,0.028489340867575948,0.035382646456078102,0.036434963191300345,0.029614598487161537,0.029497447154518727,0.036089048883566504,0.034102795457922979,0.028437275796240755,0.033028458033130467,0.036158358221411499,0.029833964336462815,0.031080625535233448,0.036539636903801968,0.031175475768011149,0.03051071804797828,0.03667519877180755,0.031763314959111984,0.030872208073160859,0.037093131957426838,0.03160365240143301,0.032110493148888607,0.03758145564568701,0.030980063859988591,0.034488808594795155,0.037369407298308031,0.030775538288996702,0.03788288106178793,0.035619846331219129,0.032756673890680155,0.040661079832241456,0.033058123186029308,0.038255627395841432,0.039829871293684654,0.033831334320782454,0.044462295109333963,0.035649107671834838,0.042395119049994249,0.043953877363335942,0.03785601347150156,0.052745628272842401,0.038234020021850757,0.057039117302805721,0.049608358681734543,0.056059506507557881,0.092385698543067922
8.2242381048745595e-21,7.2232441922069857e-19,3.3678709758611214e-17,1.0490246261685132e-15,2.4128970958871585e-14,4.3353585454584002e-13,6.3059579922922306e-12,7.6087530423119856e-11,7.7497494562782055e-10,6.7489282862159033e-9,5.0732150322875211e-8,3.3149861291181674e-7,1.8924269274798113e-6,9.4702167838794855e-6,0.000041621712213498844,0.00016072951592243494,0.00054481727286359897,0.0016168087173675003,0.0041820429938691536,0.009365329757159757,0.017983872179087595,0.02921859394918556,0.039453735784245819,0.04335759335064118,0.038397110613324171,0.029427039565137258,0.026129167149698896,0.032067087191863793,0.038378534111097542,0.035281160809756684,0.028124858181009788,0.029552790682582455,0.036371792427672736,0.034694196712133842,0.028200354083141442,0.031102228854120449,0.03642957671127978,0.031506938299561375,0.028562682094593479,0.034925156232486022,0.033949918619874406,0.028426811075264231,0.033538301208811914,0.034977068993659931,0.028850488969083196,0.033216560377040021,0.035251584636584091,0.029105487547111366,0.033965638642123885,0.034982381318869751,0.029348176866035269,0.0355901692425111,0.033915154052397728,0.030381659888058222,0.037406804921560709,0.03202802615438119,0.033288598358766952,0.037785699952358986,0.030795684097954186,0.03788288106178793,0.03523427615627114,0.033464285465250004,0.040546979971251365,0.032339111757377517,0.040627521008232111,0.037128485741120507,0.036858731065447564,0.043828561608143576,0.034598048631805717,0.047840297034818362,0.037390408213253792,0.048040779226292527,0.045697857724442791,0.046292708750649961,0.060265594880308296,0.044968873805815586,0.099987535534693247
7.4664601881128275e-20,6.2282934747848493e-18,2.7535047575029636e-16,8.117635865769943e-15,1.7638135068796466e-13,2.9873987260869801e-12,4.0867230355656425e-11,4.6259381424957085e-10,4.4078968416070196e-9,3.5801474492973165e-8,2.5013941639038694e-7,1.5133471884903227e-6,7.9640593647607021e-6,0.00003655593071050894,0.00014651398586572731,0.0005124550616081651,0.001560571641475108,0.0041198927134680336,0.009365329757159757,0.018151097849176513,0.029579218949588083,0.039778938781098545,0.043197687495491934,0.0375827575341011,0.028617970758478852,0.02631483996113532,0.033013192929129162,0.038412197827829216,0.033882434430552881,0.027416577012441355,0.030701042360354418,0.036749929913991898,0.032899500310638897,0.027655197177483791,0.032695350957845811,0.035789415651458505,0.029430282300905653,0.029731063391229775,0.03568388572131141,0.03136121916102346,0.028779645267767199,0.035128413377136875,0.032224525413506553,0.028797111986414037,0.035159594888828109,0.032128000784940513,0.029367986632781563,0.035759891799865067,0.031235833228483219,0.030805848157020158,0.036251045848701126,0.029976266684585282,0.033558568808605014,0.035411809667424184,0.029806131031246213,0.036896681403884635,0.032659810184750497,0.032906567912752731,0.037785699952358986,0.030775538288996702,0.03850640687391408,0.034089951995894883,0.035173252874217394,0.039520289686455049,0.03260656019585766,0.042617829275333966,0.033983431778817704,0.042228068042261542,0.039010296612931957,0.040084339835200097,0.045897099644704107,0.038460794123944205,0.053821104132939733,0.038720270233093043,0.065165247452904588,0.04104146799309562,0.10086080570049225
6.3330866521331821e-19,5.0106995352418037e-17,2.0973403236683663e-15,5.8429004188777216e-14,1.1971749743835428e-12,1.9077086080307437e-11,2.4491796962400426e-10,2.5946204461871091e-9,2.306778453246186e-8,1.7421812551386974e-7,1.1275214074713682e-6,6.2912756602519311e-6,0.000030382399828651295,0.00012723771800353432,0.00046211358715447541,0.0014527968967236824,0.0039375030540327106,0.0091389147862979029,0.017983872179087595,0.029579218949588083,0.039883069412162744,0.043102427591906594,0.037085652642618962,0.028121709118581078,0.026525154145258506,0.033700070498085529,0.03827695526530257,0.032737552907158819,0.027100349199899651,0.031732557756898063,0.036686440932518921,0.031324903941568717,0.027734188427994046,0.033945051491479459,0.034579768364753216,0.028147825394464403,0.031254008682683797,0.03533568894389411,0.02926668624974419,0.030175540580389273,0.035308840193017981,0.029692841780916226,0.030307029451654878,0.035276319665771145,0.029372702575984045,0.031452300578892235,0.035000904877433849,0.028809626059257644,0.033588781306955075,0.033715570844475256,0.029215784624938495,0.035906168374123444,0.031202368534689901,0.032114830060234385,0.036073129507835383,0.029719095573884159,0.036667154331655809,0.032659810184750497,0.033288598358766952,0.037369407298308031,0.030947943817962729,0.039371982538833635,0.0324657260959636,0.038006852692242269,0.036823030462097108,0.035469781354443182,0.041647820832686639,0.034018446560948087,0.045548754439241209,0.034593216291626766,0.048699923270185851,0.037050163097779479,0.052573555385849424,0.040897974934849463,0.060826163108886419,0.045465398353128595,0.095056233135622311
5.0295142746146371e-18,3.7689193133841057e-16,1.4912981442854207e-14,3.9192149499031421e-13,7.5582185678875999e-12,1.1308027012117807e-10,1.3593153339595693e-9,1.3442520383106883e-8,1.1118575277324098e-7,7.7824765830868938e-7,4.6478418302866564e-6,0.000023812877922209804,0.00010498816042233696,0.00039869088076271244,0.001302430647569314,0.0036468489223939537,0.0086962202198861415,0.017485255527050591,0.02921859394918556,0.039778938781098545,0.043102427591906594,0.036918819406987632,0.027887238024012904,0.026680437731265182,0.034140261963762234,0.038095846980570831,0.0318862342032258,0.027019324334536442,0.032554895804734907,0.036374400250436079,0.030086330617936754,0.028164082191954448,0.03475508177966992,0.033188648155837428,0.027608481488112681,0.032638176690058766,0.034258614752930001,0.028030607383290025,0.031809002670523508,0.034324826083414627,0.028178525689067263,0.032213730957989978,0.033842195552192787,0.028136725748862757,0.033567693828481392,0.032550491869326074,0.028771350487622285,0.035116530304161346,0.030376925677175402,0.031236440690303104,0.035078555944419121,0.028936565295463391,0.035095585473483955,0.032108979295151965,0.031440154065392281,0.036240824418376608,0.029719095573884159,0.036896681403884635,0.03202802615438119,0.034488808594795155,0.036213270607543235,0.031993910454263075,0.03949985235104278,0.031514593992352172,0.040846518346136749,0.033288400797308368,0.040823945753111394,0.036535737465241138,0.040556227219560559,0.040498462668986543,0.041054550415822409,0.04492130673823991,0.043372641437224377,0.050021014296255501,0.050363784518487884,0.055687439789121699,0.083878123418815005
3.7469037458142132e-17,2.6553156566700526e-15,9.9157148458718247e-14,2.4538356019425838e-12,4.4451445424601022e-11,6.2301403125666799e-10,6.9947536984908402e-9,6.4390089857078665e-8,4.9389679789872413e-7,3.1922328652840638e-6,0.000017518026081853918,0.00008200254399899003,0.00032811364496777588,0.0011217757597718112,0.0032671566114574234,0.008057676952354204,0.01666519175714309,0.028490184833817652,0.039453735784245819,0.043197687495491934,0.037085652642618962,0.027887238024012904,0.026736829309957315,0.034353724822214975,0.037954428760343956,0.031329980754512745,0.027047553168190153,0.033146577683781566,0.035979556631295931,0.029192815753096858,0.028721201807727833,0.035176307912219405,0.03188404245982668,0.027605257837550312,0.033649249149655608,0.032883321639770011,0.027614480969072635,0.033139657094264079,0.032740554556990849,0.027791934214660064,0.033651791818223636,0.031730853563079177,0.028432934521362456,0.034571447851972296,0.029940261717570822,0.030383925338780935,0.034536226908854318,0.028431150780164374,0.0336691889543595,0.032133801509054483,0.029778666652267803,0.035492106864362528,0.029134452806965926,0.034554721469158807,0.032422461210777421,0.031440154065392281,0.036073129507835383,0.029806131031246213,0.037406804921560709,0.030980063859988591,0.036457293461580027,0.03402988422865757,0.034686233913145819,0.037514764285940864,0.033378457060577319,0.04064409838773571,0.03304391258384961,0.043443739737166281,0.033600438441364739,0.046484688310896193,0.034774042006681757,0.050675498639461598,0.036556605423128685,0.057234286413777158,0.040787697124646822,0.066913239160253731,0.069430882866783237
2.6229564100747033e-16,1.7550734158498612e-14,6.1745122222476739e-13,1.4360532197282834e-11,2.4383569529781753e-10,3.1938137654211991e-9,3.3400210339476144e-8,2.8532911099409495e-7,2.0224632448362965e-6,0.000012021379750652756,0.00006032825431061752,0.0002565479268262306,0.00092520890055199649,0.0028236957871803638,0.0072541106095424833,0.015542641721312735,0.027382456015164268,0.03887003888394094,0.04335759335064118,0.0375827575341011,0.028121709118581078,0.026680437731265182,0.034353724822214975,0.037901966362930364,0.031056745480324918,0.027097733422839814,0.03352121203352964,0.035622797391148403,0.028599271079105982,0.029253870715966279,0.035323009654837315,0.030805688379557475,0.027904878754272345,0.034254246110981988,0.031535257640956084,0.027781465560912548,0.033954450363946435,0.03107744620215767,0.028234467897264076,0.034282090840193483,0.02974440194257303,0.029644693673108824,0.034265581332385808,0.028232420964880928,0.032321651550631627,0.032518192820829903,0.028479400441752491,0.034695705474370829,0.029324070310459434,0.032145977784216257,0.033264688363224007,0.02913779040065174,0.035524174093256704,0.029257130969265578,0.034554721469158807,0.032108979295151965,0.032114830060234385,0.035411809667424184,0.030381659888058222,0.03758145564568701,0.030264795603733769,0.038421241722519532,0.031518962149692038,0.038546423322401434,0.033490934991765401,0.038713374379031689,0.035627806272285054,0.039559728848073241,0.037571399214524187,0.041744626003485927,0.038975559188423506,0.046407614854010919,0.039226898936365094,0.055982993735217293,0.038026093625402497,0.074406627688275116,0.054004346470519707
