2.1382117680737565e-50,4.3602222279003551e-48,4.8114810269218328e-46,3.6193176155876821e-44,2.0537833675453855e-42,9.3112213331403596e-41,3.5000780670709454e-39,1.1194779606821065e-37,3.1054165275797688e-36,7.581622647650432e-35,1.6480969905616437e-33,3.2200592130251738e-32,5.698686089129332e-31,9.1947436205407855e-30,1.3600548968639311e-28,1.8530330369044469e-27,2.3350823200570395e-26,2.7312990463051286e-25,2.9747548513232882e-24,3.0252109127039109e-23,2.8797502788786527e-22,2.5716054872113183e-21,2.1585337944451396e-20,1.7060224168126826e-19,1.2716589073021146e-18,8.9523341995465769e-18,5.9599121751831726e-17,3.7565072898283418e-16,2.2439970539625205e-15,1.2716317608376881e-14,6.8417500690465812e-14,3.4975760142366726e-13,1.7000162415929065e-12,7.8611060361677084e-12,3.4600836179429048e-11,1.4503081576129168e-10,5.7912904935299759e-10,2.20381859151923e-9,7.9942978745014495e-9,2.7649207324553246e-8,9.1191167560663472e-8,2.8683814846671968e-7,8.6051444540015903e-7,2.4621615241379137e-6,6.7187573798664388e-6,0.00001748352945153467,0.000043377761336873004,0.00010259097370573546,0.00023122596527698983,0.00049648418046086272,0.0010151845148709818,0.001975863370877598,0.0036585880463256552,0.0064410410023989189,0.010774391063637183,0.017111818291014834,0.025781051287485302,0.036812791947994363,0.049766568027325778,0.063623059971230435,0.076819443738001384,0.08747577251644254,0.093794157618570926,0.094529809339827897,0.08937419039397409,0.079095204505243138,0.065359802970904265,0.050290526959913133,0.035917794584646072,0.023726050368700309,0.01443614193031033,0.0080524634655018116,0.0040950611926475482,0.0018863479902547659,0.00078098685050401705,0.00028790149912252945,0.000093407580666667421,0.000026283719044484224,6.2930074333304163e-6,1.2492482116359539e-6,1.9813596297730998e-7,2.3705979277955038e-8,1.9334380304770888e-9,8.5332576189319434e-11
4.3602222279003551e-48,8.6090820417953659e-46,9.1936532224316185e-44,6.6889870494755324e-42,3.6691698459632113e-40,1.6071120714039788e-38,5.8328597966657353e-37,1.8001649438199448e-35,4.8153559410241772e-34,1.1328983988089433e-32,2.3715340845004007e-31,4.4587615665110348e-30,7.5875690304150706e-29,1.1762668378753181e-27,1.6703520131440054e-26,2.1829937605088827e-25,2.6363690223790648e-24,2.952625140824374e-23,3.076153977517143e-22,2.9894710511001423e-21,2.7165594515106968e-20,2.3132192658902335e-19,1.8493482771184343e-18,1.3904857866764264e-17,9.8474177490041029e-17,6.5777468738874714e-16,4.1491404782452813e-15,2.4741992786455806e-14,1.3961218149421137e-13,7.460912756115797e-13,3.7788824303655764e-12,1.8151731087014443e-11,8.2736377910323086e-11,3.5801497350047284e-10,1.4712886048840525e-9,5.7440288941334682e-9,2.1308475876284186e-8,7.5121667901474603e-8,2.5169813281789543e-7,8.0146716618443934e-7,2.4251269144750243e-6,6.9717131221018363e-6,0.000019035885469380083,0.000049347285614125845,0.00012139197151324061,0.00028319121319912538,0.00062603625952004093,0.0013102308239693645,0.0025932528067377126,0.0048475105839035016,0.0085445404997870925,0.014175661273616831,0.022085826435807698,0.03222851015103257,0.0439072107681222,0.055635472290554102,0.065278907386481587,0.070585842808594183,0.070042506618161649,0.063752300879958463,0.053870286638141577,0.044184210788552281,0.038789764651033612,0.040330176760170101,0.048649366614388566,0.060637855274821914,0.071475580010339858,0.076698817135406757,0.074036449772517883,0.064109019950377652,0.049767813299766539,0.034605106116470504,0.021507600331571066,0.011905357783218869,0.0058380224301673389,0.0025173138214685046,0.00094498179619872014,0.00030474571813660295,0.000082921662758150651,0.000018568497505326276,3.3000134381256209e-6,4.3978086850127416e-7,3.973653631215975e-8,1.9334380304770888e-9
4.8114810269218328e-46,9.1936532224316185e-44,9.4960235515683778e-42,6.6786625219967867e-40,3.5392961755559345e-38,1.4967545614414967e-36,5.2416390872664345e-35,1.5598927256308301e-33,4.0208022084252831e-32,9.1090039350345868e-31,1.8347913170697263e-29,3.3167903268391979e-28,5.4226117823880238e-27,8.0696578556678005e-26,1.0990736207329164e-24,1.3764190338438324e-23,1.5913890038805488e-22,1.7046080590289602e-21,1.6967766282016559e-20,1.5737814952027644e-19,1.3633680269086323e-18,1.1054531418597656e-17,8.404876528031607e-17,6.0020447600262115e-16,4.0315793017724777e-15,2.5504503231502788e-14,1.5213007938583754e-13,8.5644538207908209e-13,4.5545338742751953e-12,2.2896466533437793e-11,1.0887897760928373e-10,4.8999748468917832e-10,2.0878300686395358e-9,8.4251987409461211e-9,3.2205975205526832e-8,1.1662904710387353e-7,4.0011775604067483e-7,1.3002567680794718e-6,4.0015667134091528e-6,0.000011658340172808596,0.000032139363853843433,0.000083783023393824997,0.00020636961072226037,0.00047981937933720511,0.0010517909507438519,0.0021705390381910316,0.0042094743778472755,0.0076557438592977945,0.013023572229999147,0.02065868499136313,0.030441108241471562,0.041477101350210601,0.051970402663031417,0.059505256787716244,0.061863513387468892,0.058194613240394408,0.04996989507236895,0.040962615070013118,0.035808266978344434,0.037554026302460148,0.045550860111675274,0.055290553097579359,0.060818090791432945,0.058539322635569138,0.049894165355085675,0.040770181005683273,0.037733340530087415,0.043587257576978763,0.055417739655973209,0.066470469500643122,0.070373623558941912,0.064670246407845217,0.051496818896362838,0.035555439835695686,0.021265680048507623,0.010977889196845545,0.0048575441118956238,0.0018223885418777601,0.00057045220137953187,0.00014554170794031461,0.000029224252813231334,4.3680323541709463e-6,4.3978086850127416e-7,2.3705979277955038e-8
3.6193176155876821e-44,6.6889870494755324e-42,6.6786625219967867e-40,4.5379011648381012e-38,2.3218453658093599e-36,9.4741669978175426e-35,3.1992224719892721e-33,9.1740430963030898e-32,2.2769718507679365e-30,4.9633236699758785e-29,9.6119140274491183e-28,1.6692197421886375e-26,2.6194629520536793e-25,3.7384128420259674e-24,4.8785477517784663e-23,5.8483218580105491e-22,6.4660581211320854e-21,6.6163050591749432e-20,6.2844338232128927e-19,5.5556536459034579e-18,4.5816921283722185e-17,3.5319944184157344e-16,2.5497189927609365e-15,1.726326686202227e-14,1.0977597254851715e-13,6.5639256959637146e-13,3.6943671134754612e-12,1.9589311544102865e-11,9.7931517886871142e-11,4.6186308440621819e-10,2.0558843455436689e-9,8.6403475195694891e-9,3.4293274911647276e-8,1.2855095768894392e-7,4.5511129383831949e-7,1.5214750030004629e-6,4.8015791426547165e-6,0.000014298021685963613,0.000040148367174421956,0.00010621990653702716,0.00026451092858696414,0.0006191957332878751,0.0013604444823886276,0.0028001103985899693,0.005386463806938085,0.0096569221025572923,0.016079748845036771,0.024762010332386898,0.035083621247669163,0.045446200896790846,0.053426326297196065,0.056561343974852107,0.053664454701146152,0.046039706771249606,0.037607408688923876,0.033255343819463927,0.035881154126453416,0.043980270427391609,0.051986259577861403,0.053959128295526889,0.048343792907389935,0.039813165612219121,0.035895680123385376,0.040555106161242496,0.050280729685972124,0.056734012689414106,0.054138439486461865,0.04477099412244644,0.037256002349978311,0.039039539897328791,0.04990874738497977,0.062229221498431199,0.067137438394281453,0.060866696921785706,0.046265253280689168,0.029517860066950326,0.015778819544167828,0.0070198483470319699,0.0025663007808941665,0.00075502246977819575,0.00017296006562962457,0.000029224252813231334,3.3000134381256209e-6,1.9813596297730998e-7
2.0537833675453855e-42,3.6691698459632113e-40,3.5392961755559345e-38,2.3218453658093599e-36,1.1462602873729449e-34,4.5099619511462155e-33,1.4674289575157479e-31,4.0517362349416825e-30,9.6756473595236339e-29,2.0276718145535725e-27,3.7721066338003852e-26,6.2873491582271175e-25,9.461519205481365e-24,1.29368172687421e-22,1.6158481026152579e-21,1.8521197498924617e-20,1.9558770758483833e-19,1.9093896778900479e-18,1.7282636297356353e-17,1.4541330291368054e-16,1.1398579750710874e-15,8.3406367276126968e-15,5.7067552194414779e-14,3.6564750516026984e-13,2.1967089411105232e-12,1.2387711483940406e-11,6.5631936827387069e-11,3.2694228430784844e-10,1.5322065344966722e-9,6.7584482630800723e-9,2.8066529633970282e-8,1.0975045747516601e-7,4.0410821630729424e-7,1.4008509180997079e-6,4.5703089073043618e-6,0.000014026091897531452,0.000040462917826941444,0.00010962320487498981,0.00027858510381496301,0.00066310286189133885,0.0014756319711147049,0.0030631938860776162,0.0059152623858692643,0.010590265022332689,0.017504988111493808,0.026576787542770092,0.036827672453086014,0.046221420836151912,0.052085243433327778,0.052280460794071406,0.046747561547097173,0.038404310439724852,0.032241075111979111,0.032416418241861263,0.038971546004432226,0.047000806719385484,0.049969078183258582,0.045314602733927235,0.037395802231050803,0.034070757779878581,0.039090201459667076,0.047725754706292158,0.051075400562460744,0.045556492769748667,0.037392920832788329,0.036246656492478497,0.044305727847979008,0.053268893805092354,0.053338943396999646,0.044371607321770817,0.036439611658480863,0.039126830828542473,0.051494891229709291,0.063151412050345467,0.064120650181363094,0.052779097186505267,0.035231938929456144,0.019059770168320122,0.0082946446269405925,0.0028558477204306632,0.00075502246977819575,0.00014554170794031461,0.000018568497505326276,1.2492482116359539e-6
9.3112213331403596e-41,1.6071120714039788e-38,1.4967545614414967e-36,9.4741669978175426e-35,4.5099619511462155e-33,1.7097817204864661e-31,5.356573067478353e-30,1.4229977423612865e-28,3.266880209539165e-27,6.5763236561414399e-26,1.1741624069694907e-24,1.8766353391238134e-23,2.7054064593969555e-22,3.540219182113398e-21,4.2275138024586233e-20,4.6276815919440468e-19,4.6617560330842378e-18,4.3360407116409388e-17,3.7346342614044774e-16,2.986061942898418e-15,2.2211875017525859e-14,1.5399954980668825e-13,9.967823507363473e-13,6.0314905402611601e-12,3.4158272176155302e-11,1.8123042561060546e-10,9.0150034840571217e-10,4.2068583099333061e-9,1.8424203422773781e-8,7.5746865886071292e-8,2.9235851373511405e-7,1.0592374309750846e-6,3.6013554372781879e-6,0.000011484535942061663,0.000034325589310930379,0.000096062305747114596,0.00025140136295945784,0.00061428037598588424,0.0013985687283710949,0.0029596934086612061,0.0058040378093531643,0.010507394691984996,0.017478648961915351,0.026560864239226983,0.036607657989122493,0.045364544626537065,0.050056593123078959,0.048801926868024429,0.042268663283136909,0.03426902560954765,0.030084035243172219,0.032835222300670417,0.04045248676578611,0.046508874916539598,0.045512831743823043,0.038492825335056278,0.032799323153037139,0.034843684009892899,0.042688038294177724,0.047464679682719833,0.043535432392650249,0.035882486180347164,0.0346073233393439,0.042039736713184901,0.049001411368703986,0.046442564204662167,0.037910140562253412,0.035503212476814434,0.043643993965060506,0.052501251046846061,0.050675862317258818,0.040497289880457257,0.035536093850393609,0.04378524520554389,0.058074596402260618,0.064341884822435673,0.055973084798771289,0.038061885577975471,0.020210889444265015,0.0082946446269405925,0.0025663007808941665,0.00057045220137953187,0.000082921662758150651,6.2930074333304163e-6
3.5000780670709454e-39,5.8328597966657353e-37,5.2416390872664345e-35,3.1992224719892721e-33,1.4674289575157479e-31,5.356573067478353e-30,1.6145947287838789e-28,4.1234862299028721e-27,9.093181370880555e-26,1.7567513100681777e-24,3.0074915894573408e-23,4.6045924429865947e-22,6.3524990714705856e-21,7.9467030540526505e-20,9.0616456138105137e-19,9.4611891465153604e-18,9.0794471652418455e-17,8.0346723301614912e-16,6.5749494327946841e-15,4.9874824130702634e-14,3.5142718824218401e-13,2.3042159242295784e-12,1.4079777196778672e-11,8.0278055790904848e-11,4.2753407889489901e-10,2.1284740314119075e-9,9.9117643682755109e-9,4.3190898701160452e-8,1.7614829965522803e-7,6.7236778659547292e-7,2.40149802246966e-6,8.0225162973999984e-6,0.000025049038603776965,0.000073030393064875324,0.00019856071268454576,0.00050263022585984212,0.0011821509043453249,0.0025765981490797738,0.005187721743962281,0.009610116320781449,0.016298179124787217,0.025148053375528284,0.035031602190296968,0.043643169573694356,0.048118325276162464,0.046571092615142185,0.039878718592200284,0.032205860381669678,0.028948403586843307,0.032682735801459265,0.040289764044626547,0.0448199001147071,0.041853631326231311,0.034594896291373364,0.031273038514508023,0.036014734314315653,0.043284492850486337,0.044006590749363789,0.037328721425812988,0.032552528721862595,0.036823549928145084,0.044546435042776001,0.044704173916177093,0.037197984521348446,0.033828162589051433,0.040641456285966791,0.047914344289824229,0.044624834373686974,0.036115820165771963,0.036597603797255428,0.04691679706424112,0.052381391945347093,0.044889134914199123,0.035694119800523887,0.03965385544313813,0.054525284222528521,0.06389230846033062,0.056897689028440706,0.038061885577975471,0.019059770168320122,0.0070198483470319699,0.0018223885418777601,0.00030474571813660295,0.000026283719044484224
1.1194779606821065e-37,1.8001649438199448e-35,1.5598927256308301e-33,9.1740430963030898e-32,4.0517362349416825e-30,1.4229977423612865e-28,4.1234862299028721e-27,1.0115434116664517e-25,2.1407855568158244e-24,3.9655674344155214e-23,6.5030679830382094e-22,9.5276136775593356e-21,1.2564765327499742e-19,1.500814435222247e-18,1.6321660045540502e-17,1.6232241224942026e-16,1.4818171212143394e-15,1.2456569776117905e-14,9.6688060117923647e-14,6.9458528962212915e-13,4.6271250338625797e-12,2.8631750450073639e-11,1.6478969634092644e-10,8.8315755545781738e-10,4.4110877156249602e-9,2.0545810711135466e-8,8.9277319715738771e-8,3.6196689031902665e-7,1.3692190165580294e-6,4.8307201741487379e-6,0.000015886502540679119,0.000048656105717628889,0.00013861522946230561,0.000366738276688599,0.00089926282880262374,0.0020383700484874228,0.0042573720931972869,0.0081602612828222287,0.0142812064063706,0.022675292502713473,0.032403808580367321,0.041269498853438229,0.046322235072094624,0.045396144157433783,0.039070744662162934,0.031432936974989922,0.028060418853280355,0.03169900237938767,0.039110889927602957,0.043139995612950104,0.039644500133458257,0.032609620254007987,0.030471275183194699,0.036069870951650838,0.042302132551261914,0.0408363926486805,0.033857449236274358,0.031796606077295123,0.03816345283614659,0.043478964006291573,0.039498965410682221,0.032896182998410445,0.03514796165867376,0.043196025518820251,0.043732175188788731,0.036033053969803337,0.034163958632052424,0.042584194349184819,0.047338741151784155,0.040284339859719289,0.034430504823312224,0.041731398619506087,0.051391923337612266,0.047565183279119208,0.036693185652171756,0.038007975468141207,0.053300688097721868,0.06389230846033062,0.055973084798771289,0.035231938929456144,0.015778819544167828,0.0048575441118956238,0.00094498179619872014,0.000093407580666667421
3.1054165275797688e-36,4.8153559410241772e-34,4.0208022084252831e-32,2.2769718507679365e-30,9.6756473595236339e-29,3.266880209539165e-27,9.093181370880555e-26,2.1407855568158244e-24,4.344059268238475e-23,7.7079448927644966e-22,1.2095325639090578e-20,1.6938758020971638e-19,2.1328335707156854e-18,2.4294861447147831e-17,2.5164394796568009e-16,2.3804151681657405e-15,2.0639658203944354e-14,1.6454411422462431e-13,1.2092933692339599e-12,8.2112677021654185e-12,5.1608239036202353e-11,3.0068825083990115e-10,1.6260346540649597e-9,8.1689033261632443e-9,3.8150979609004573e-8,1.6570212394127029e-7,6.6940375680899326e-7,2.5149230171861375e-6,8.7831767524911182e-6,0.000028493628118779022,0.000085771324074739671,0.00023921779230398292,0.00061696767540248147,0.0014678221094618252,0.0032111734990641106,0.0064344917535885619,0.011750500527951704,0.019433495905006521,0.028876320286090326,0.038170474773668745,0.044365174293804358,0.044843317177602979,0.039438473592691759,0.031703747434200817,0.027391200210848194,0.030067252173673099,0.037235322688023571,0.041705178044674662,0.03869547398144647,0.031791365486707373,0.02960378765793027,0.035099968346002054,0.040909005661880143,0.038859558446396262,0.032120129083934045,0.031289791589836592,0.038014606003947275,0.041546058500222122,0.036098801423047953,0.031342413032122207,0.036202924923634519,0.042461133512871987,0.038907282410167363,0.032471057715640082,0.036088707057511204,0.043738114425898531,0.041070987920132294,0.033643952698717259,0.037122973324447033,0.046114992444045887,0.043609629649646013,0.034903899482309688,0.038590123027641639,0.050005606719612082,0.048676178781757521,0.037146851943448775,0.038007975468141207,0.054525284222528521,0.064341884822435673,0.052779097186505267,0.029517860066950326,0.010977889196845545,0.0025173138214685046,0.00028790149912252945
7.581622647650432e-35,1.1328983988089433e-32,9.1090039350345868e-31,4.9633236699758785e-29,2.0276718145535725e-27,6.5763236561414399e-26,1.7567513100681777e-24,3.9655674344155214e-23,7.7079448927644966e-22,1.3087090644745664e-20,1.9629573869373105e-19,2.6246109777123233e-18,3.1513998313269407e-17,3.4187428719344682e-16,3.3678485827319166e-15,3.0255500821417704e-14,2.4875414960718848e-13,1.8773780673382319e-12,1.3038800942254937e-11,8.3508687569567648e-11,4.9405103517079052e-10,2.7036184003957484e-9,1.3699326547828433e-8,6.4320021089172562e-8,2.799421225830869e-7,1.1295776289195584e-6,4.2247886573793741e-6,0.000014638850770936468,0.000046950275750426037,0.0001392003263460298,0.00038085097662725628,0.00095937643746880152,0.0022185286088771145,0.004691984445594022,0.0090323063489049732,0.015731450698300262,0.024600054359838334,0.034205998123831886,0.041798446874495942,0.044329471581452766,0.04057108492318827,0.033008856428273934,0.027276095919241896,0.028142702312966497,0.034722554942554426,0.040244936012548369,0.038631212449063517,0.031901046813894556,0.028683291877562784,0.03336979682411051,0.039418685208944521,0.037978714484451066,0.031396582856467664,0.030409992588367724,0.036903464178567875,0.039966427026425088,0.034352903640515508,0.030491910803179256,0.035996527103496562,0.0408236986428587,0.035845374237211675,0.0312451847647331,0.036965978797686745,0.041990753062842633,0.036241979088494158,0.032279089868235074,0.039583112169286126,0.043504415913841201,0.036006590502212912,0.034150198156828595,0.043712198501686908,0.045241106167076826,0.035858532724158433,0.037248960170899574,0.049433374780088847,0.048676178781757521,0.036693185652171756,0.03965385544313813,0.058074596402260618,0.064120650181363094,0.046265253280689168,0.021265680048507623,0.0058380224301673389,0.00078098685050401705
1.6480969905616437e-33,2.3715340845004007e-31,1.8347913170697263e-29,9.6119140274491183e-28,3.7721066338003852e-26,1.1741624069694907e-24,3.0074915894573408e-23,6.5030679830382094e-22,1.2095325639090578e-20,1.9629573869373105e-19,2.8110182559528632e-18,3.5840167749163848e-17,4.0982312457849975e-16,4.2281268403805013e-15,3.9553521863326388e-14,3.3690542802921456e-13,2.6219115360925406e-12,1.8696659240092126e-11,1.224549401382474e-10,7.3806127745696299e-10,4.0999224309161947e-9,2.1014939969212044e-8,9.9471651863164304e-8,4.3500041238738218e-7,1.7577233929129278e-6,6.5611429822621508e-6,0.000022610536370735568,0.000071862177334520135,0.00021033080471357097,0.00056577122349790925,0.0013949564636538623,0.0031417559821084936,0.0064352854654729395,0.011920866830862059,0.019827858633621294,0.029342825370427765,0.038196881430504534,0.043164229152208978,0.041891070681706787,0.035277222135597065,0.028186577415883247,0.026483859642937597,0.031648007605092876,0.038269945309136066,0.038932184153144405,0.032929032228815556,0.028109576077618783,0.031121563959338924,0.03763052808576028,0.037818217984606583,0.031505454538414406,0.029276676712302174,0.0351310283587765,0.038859431796678712,0.033794757450046614,0.029689691779404394,0.034826390470136264,0.039374168221223808,0.034347279417962153,0.030460474168087966,0.036482567046536074,0.040023420299936546,0.033666732083439435,0.032006246497894298,0.03968288044325039,0.039957779092798916,0.032607099549510027,0.035628261509162085,0.043346967668863547,0.038371622885617491,0.033132482882422307,0.041893244819723352,0.045782541629104493,0.036263860955748533,0.037248960170899574,0.050005606719612082,0.047565183279119208,0.035694119800523887,0.04378524520554389,0.063151412050345467,0.060866696921785706,0.035555439835695686,0.011905357783218869,0.0018863479902547659
3.2200592130251738e-32,4.4587615665110348e-30,3.3167903268391979e-28,1.6692197421886375e-26,6.2873491582271175e-25,1.8766353391238134e-23,4.6045924429865947e-22,9.5276136775593356e-21,1.6938758020971638e-19,2.6246109777123233e-18,3.5840167749163848e-17,4.3516943219454813e-16,4.7321736515103285e-15,4.6359896599434804e-14,4.1116907460818775e-13,3.3147135831406465e-12,2.4370598908482198e-11,1.6385838681714724e-10,1.0097521726999436e-9,5.7129935485527618e-9,2.9715929261740355e-8,1.422298794946785e-7,6.2675598177773131e-7,2.5431591753641302e-6,9.4995566050408879e-6,0.00003264301384000931,0.00010307036210430433,0.00029854103459486092,0.00079141384957529618,0.0019143224131465396,0.0042084984285292726,0.0083663122343267522,0.014941648232656028,0.02377257380911329,0.033337185728165548,0.040671011852269514,0.042583007404532266,0.038107990512948729,0.030468632995171241,0.02585997431609655,0.0284015451206049,0.035344094838678508,0.038848016190872517,0.034729322485033531,0.028461846303338498,0.028777923366522665,0.035186381098262642,0.037797077786723251,0.032484709934087299,0.02835780728498709,0.032786426920792101,0.037834475492261666,0.034149333852981067,0.029057843593608982,0.032971722580363478,0.038168713606028182,0.033979555229438358,0.029649480059484862,0.03510697473916006,0.038636668498606541,0.03252317377557472,0.03133592291806083,0.038606881586632999,0.037625308194884053,0.031167766907111162,0.035853245428610543,0.041212271554807232,0.034497912713957347,0.033367493764341137,0.042287902830431548,0.039768531054343337,0.032945489347253818,0.041253638693373069,0.045782541629104493,0.035858532724158433,0.038590123027641639,0.051391923337612266,0.044889134914199123,0.035536093850393609,0.051494891229709291,0.067137438394281453,0.051496818896362838,0.021507600331571066,0.0040950611926475482
5.698686089129332e-31,7.5875690304150706e-29,5.4226117823880238e-27,2.6194629520536793e-25,9.461519205481365e-24,2.7054064593969555e-22,6.3524990714705856e-21,1.2564765327499742e-19,2.1328335707156854e-18,3.1513998313269407e-17,4.0982312457849975e-16,4.7321736515103285e-15,4.8863689949613917e-14,4.5383054362727986e-13,3.8093382076791115e-12,2.9010072217724412e-11,2.010829519261953e-10,1.2718760776162481e-9,7.3559227462077314e-9,3.895990634100608e-8,1.8917024170342139e-7,8.4258846401557078e-7,3.4434094437282003e-6,0.000012907998164495566,0.000044351106561662669,0.00013950015446217149,0.00040092112951731493,0.0010501274177939769,0.0024982798414404913,0.0053742523317351917,0.010393408638578063,0.0179351962517225,0.027350587082323581,0.036410686297224923,0.04171057550271897,0.040621518888954244,0.033999704345954461,0.027040517454677979,0.025865574560746749,0.031465419892101737,0.037491907256233294,0.036675559745042474,0.030191527807237926,0.027132621325804251,0.03197131767342288,0.037099001981528443,0.034167052250557936,0.02833092957111686,0.030107298362552127,0.036267904850805947,0.035096528715725296,0.029074932286349212,0.03068807516499181,0.036773182453453975,0.034447394901701717,0.029060094242224685,0.033089187085007251,0.037666954997124981,0.032360612632694796,0.030197659577435716,0.037027798313910985,0.036545507009545967,0.030343901120871139,0.034861630900588093,0.03939028052302351,0.0327095781618586,0.033107691968135756,0.04083540625749652,0.036141659376445534,0.032443967688779206,0.04152146125763141,0.040202278382461406,0.032945489347253818,0.041893244819723352,0.045241106167076826,0.034903899482309688,0.041731398619506087,0.052381391945347093,0.040497289880457257,0.039126830828542473,0.062229221498431199,0.064670246407845217,0.034605106116470504,0.0080524634655018116
9.1947436205407855e-30,1.1762668378753181e-27,8.0696578556678005e-26,3.7384128420259674e-24,1.29368172687421e-22,3.540219182113398e-21,7.9467030540526505e-20,1.500814435222247e-18,2.4294861447147831e-17,3.4187428719344682e-16,4.2281268403805013e-15,4.6359896599434804e-14,4.5383054362727986e-13,3.989061188513018e-12,3.1628743323981749e-11,2.2706865238175422e-10,1.4804915739126268e-9,8.7873801996843706e-9,4.7566357847305596e-8,2.3511487125468262e-7,1.0620231996530878e-6,4.3851040176997602e-6,0.000016546861347625209,0.000057017133903778087,0.00017916641436626508,0.00051237093232216732,0.0013297202893327104,0.0031198795358642214,0.0065849125296790471,0.012421267122381518,0.020763504035046231,0.030422500938918533,0.038538329054919263,0.041574590568913096,0.037904309795302109,0.030318086266772827,0.025255249978725281,0.027446018373523596,0.034295378459580238,0.037562996100772792,0.033109194390197322,0.027213944002787672,0.028564444699868646,0.034929253525495517,0.035787529591546494,0.029766038782139208,0.027832748987153294,0.033637409247780534,0.035924951269366847,0.030225941974447314,0.028535705383824435,0.034620461469462818,0.03529822485862769,0.029243662388246076,0.030658763844078504,0.036533546276128138,0.033044681052753603,0.029029749827170042,0.034960112850627009,0.036292186330360194,0.029958362923330697,0.033063979113229161,0.038134919164838745,0.032085539870099676,0.031973298547330373,0.039166157039704679,0.034500339403192123,0.031769842656130081,0.040123161980901235,0.036979731544542043,0.032221094608776993,0.04152146125763141,0.039768531054343337,0.033132482882422307,0.043712198501686908,0.043609629649646013,0.034430504823312224,0.04691679706424112,0.050675862317258818,0.036439611658480863,0.04990874738497977,0.070373623558941912,0.049767813299766539,0.01443614193031033
1.3600548968639311e-28,1.6703520131440054e-26,1.0990736207329164e-24,4.8785477517784663e-23,1.6158481026152579e-21,4.2275138024586233e-20,9.0616456138105137e-19,1.6321660045540502e-17,2.5164394796568009e-16,3.3678485827319166e-15,3.9553521863326388e-14,4.1116907460818775e-13,3.8093382076791115e-12,3.1628743323981749e-11,2.3640629069046355e-10,1.596372112190797e-9,9.7662817475101651e-9,5.4246870040864579e-8,2.7399047634341958e-7,1.2595832607929963e-6,5.2725452458834005e-6,0.00002009276445204479,0.000069654284718905578,0.00021934168569204045,0.00062605132088851534,0.0016146533377094896,0.0037473548893797106,0.0077831047791503747,0.014362002178653315,0.023323376929704542,0.032927638586960938,0.039809149810822279,0.040602660925063118,0.03497264916443126,0.027475527946286605,0.024918593658445535,0.029713248965874899,0.036087396511469717,0.035944580066860328,0.02959793438291315,0.026400464056484436,0.031213088166090412,0.035972127599812196,0.032471691466803233,0.027182074972037342,0.030124567923059614,0.035488888610348019,0.032438822873052725,0.027536668587573564,0.031512490402026305,0.035619575639493543,0.030638835935388701,0.02844591529069887,0.03453429760479326,0.034256557181270524,0.028564121866104233,0.032289696253438711,0.036206281683744149,0.030349000397608596,0.030809109519479791,0.036959616589663914,0.032383865917388733,0.030347650611146054,0.037448384799025143,0.034153919755197227,0.030597432924327612,0.038287771945635406,0.035641942299714707,0.031308699597131808,0.039815618001407357,0.036979731544542043,0.032443967688779206,0.042287902830431548,0.038371622885617491,0.034150198156828595,0.046114992444045887,0.040284339859719289,0.036597603797255428,0.052501251046846061,0.044371607321770817,0.039039539897328791,0.066470469500643122,0.064109019950377652,0.023726050368700309
1.8530330369044469e-27,2.1829937605088827e-25,1.3764190338438324e-23,5.8483218580105491e-22,1.8521197498924617e-20,4.6276815919440468e-19,9.4611891465153604e-18,1.6232241224942026e-16,2.3804151681657405e-15,3.0255500821417704e-14,3.3690542802921456e-13,3.3147135831406465e-12,2.9010072217724412e-11,2.2706865238175422e-10,1.596372112190797e-9,1.0114467894714599e-8,5.7903114265186673e-8,3.0006814539673055e-7,1.409352022626769e-6,6.0027018929408003e-6,0.000023183023956762653,0.000081127232692818324,0.00025685958215996821,0.00073409941734892026,0.0018876166583250244,0.0043472939785979595,0.0089136869743037437,0.016142381378273454,0.025550453962902563,0.03487233549600322,0.040381653713045319,0.039134928534304435,0.032214251779811259,0.025586626974221675,0.025610156473509019,0.031950175185380107,0.036626705169571454,0.033421066409468993,0.027078562401468135,0.027334608313071578,0.033570071147540192,0.03492329992157846,0.029040998470125509,0.027139971013143216,0.032900757964101763,0.034507464044710543,0.028681412499214523,0.028272215056915855,0.034246423833630878,0.032894722677735778,0.027608522409753244,0.031407945124713877,0.035049056316814179,0.029528485745453612,0.029391948851360039,0.035332303291339348,0.03175852063400152,0.028746203663207633,0.035115415355875405,0.033473590740339434,0.02891988520478848,0.035242700320073431,0.034677679253409549,0.029438508666342775,0.036052444941657589,0.03551229593286577,0.030168639576887643,0.037669371105194328,0.036011805091927268,0.031308699597131808,0.040123161980901235,0.036141659376445534,0.033367493764341137,0.043346967668863547,0.036006590502212912,0.037122973324447033,0.047338741151784155,0.036115820165771963,0.043643993965060506,0.053338943396999646,0.037256002349978311,0.055417739655973209,0.074036449772517883,0.035917794584646072
2.3350823200570395e-26,2.6363690223790648e-24,1.5913890038805488e-22,6.4660581211320854e-21,1.9558770758483833e-19,4.6617560330842378e-18,9.0794471652418455e-17,1.4818171212143394e-15,2.0639658203944354e-14,2.4875414960718848e-13,2.6219115360925406e-12,2.4370598908482198e-11,2.010829519261953e-10,1.4804915739126268e-9,9.7662817475101651e-9,5.7903114265186673e-8,3.0925545787492955e-7,1.4901767419390298e-6,6.4835168473822475e-6,0.000025472478434493118,0.000090308914558108435,0.0002885016051175218,0.00082848443586259656,0.0021312177073710867,0.0048875289153630291,0.0099276995727613762,0.017706911185304889,0.027415840500655427,0.036310634040398307,0.040441901064534495,0.037461054805370946,0.029852995949918341,0.024562890854336247,0.026873446390789628,0.033726166529363775,0.036100801985064374,0.030751322260682681,0.025856935504210485,0.029168176280252005,0.034787924632801681,0.032564350109187264,0.026815680346929521,0.028855699849488053,0.034377579792068328,0.03167190965582343,0.026818675046208452,0.030847983093613458,0.034380800114581029,0.029101664735371343,0.028127593117274319,0.034026395969711272,0.031838857073780306,0.0275246792358047,0.032847581471971368,0.033622224576815063,0.028003692879379097,0.032139744364326545,0.034665369702503194,0.028660981490870951,0.032229553652085843,0.035385653644203276,0.029143090843047454,0.03315945105656459,0.035922383414655185,0.029491254856838495,0.034979972208176103,0.036109964099944653,0.030097205849289894,0.037669371105194328,0.035641942299714707,0.031769842656130081,0.04083540625749652,0.034497912713957347,0.035628261509162085,0.043504415913841201,0.033643952698717259,0.042584194349184819,0.044624834373686974,0.035503212476814434,0.053268893805092354,0.04477099412244644,0.043587257576978763,0.076698817135406757,0.050290526959913133
2.7312990463051286e-25,2.952625140824374e-23,1.7046080590289602e-21,6.6163050591749432e-20,1.9093896778900479e-18,4.3360407116409388e-17,8.0346723301614912e-16,1.2456569776117905e-14,1.6454411422462431e-13,1.8773780673382319e-12,1.8696659240092126e-11,1.6385838681714724e-10,1.2718760776162481e-9,8.7873801996843706e-9,5.4246870040864579e-8,3.0006814539673055e-7,1.4901767419390298e-6,6.6513610686883886e-6,0.000026691199256545436,0.000096245278791074819,0.00031140469689464829,0.00090187809989329909,0.0023295589523381265,0.0053394388212728899,0.010784596755603464,0.019017451767251078,0.028918226397358028,0.037323623318087895,0.040171876619548993,0.035798051611225999,0.027975762396365478,0.024211969719560693,0.028329818439135332,0.034879846012991732,0.034875769116024492,0.028453035330737538,0.025777794612358705,0.031104899658605825,0.034724056178587347,0.02989907759882312,0.026179457230431354,0.031048836825620933,0.0340355322675851,0.02865401321118209,0.027224474296018294,0.033047230055041347,0.032138411929738194,0.026904327485436655,0.030688880535332415,0.033783284790291188,0.028200274308521523,0.029200935970519596,0.034237271128177984,0.029484110753977441,0.028746438830696025,0.034493679455158557,0.030237991395074718,0.029015917449441956,0.035009995502612276,0.030415559770079878,0.029930884869270314,0.035772726787640993,0.030115616814490172,0.031708577357870514,0.036375782733584665,0.029706685764694527,0.034600039914301663,0.036109964099944653,0.030168639576887643,0.038287771945635406,0.034500339403192123,0.033107691968135756,0.041212271554807232,0.032607099549510027,0.039583112169286126,0.041070987920132294,0.034163958632052424,0.047914344289824229,0.037910140562253412,0.044305727847979008,0.054138439486461865,0.037733340530087415,0.071475580010339858,0.065359802970904265
2.9747548513232882e-24,3.076153977517143e-22,1.6967766282016559e-20,6.2844338232128927e-19,1.7282636297356353e-17,3.7346342614044774e-16,6.5749494327946841e-15,9.6688060117923647e-14,1.2092933692339599e-12,1.3038800942254937e-11,1.224549401382474e-10,1.0097521726999436e-9,7.3559227462077314e-9,4.7566357847305596e-8,2.7399047634341958e-7,1.409352022626769e-6,6.4835168473822475e-6,0.000026691199256545436,0.000098298725042480533,0.000323428089466884,0.00094843203923163303,0.0024695605587189922,0.0056795752262690783,0.011453000558401263,0.020050510807230874,0.030074225888906247,0.038001473100615716,0.039730203319136844,0.034289750827593987,0.026574175401507137,0.024314757229421976,0.029721690092820427,0.035439566957595248,0.033327012699692865,0.02676517561034234,0.02647063584746146,0.032634118056644292,0.033683794545259357,0.027674369979281034,0.02681997622594763,0.032721452871344491,0.032337893723690108,0.026657743431115348,0.029000842354698056,0.0336200941610655,0.029142927827581498,0.027089788216946618,0.032828726431901195,0.031183091904406094,0.026821835611774861,0.031971202834930301,0.032281791352679735,0.027119080274957328,0.031800564749451331,0.032754370887656704,0.027447553691190424,0.032432251694238096,0.032755391145418743,0.027837854508996061,0.033776552360602916,0.032165527761371355,0.028773668237318808,0.035448074195114119,0.03091818373049606,0.031031223682727825,0.036469291902874298,0.029706685764694527,0.034979972208176103,0.03551229593286577,0.030597432924327612,0.039166157039704679,0.0327095781618586,0.035853245428610543,0.039957779092798916,0.032279089868235074,0.043738114425898531,0.036033053969803337,0.040641456285966791,0.046442564204662167,0.036246656492478497,0.056734012689414106,0.040770181005683273,0.060637855274821914,0.079095204505243138
3.0252109127039109e-23,2.9894710511001423e-21,1.5737814952027644e-19,5.5556536459034579e-18,1.4541330291368054e-16,2.986061942898418e-15,4.9874824130702634e-14,6.9458528962212915e-13,8.2112677021654185e-12,8.3508687569567648e-11,7.3806127745696299e-10,5.7129935485527618e-9,3.895990634100608e-8,2.3511487125468262e-7,1.2595832607929963e-6,6.0027018929408003e-6,0.000025472478434493118,0.000096245278791074819,0.000323428089466884,0.000964382627208057,0.0025419580674463765,0.0058906764666213404,0.011910443652818051,0.020793428798035871,0.030908975171088626,0.038429957965838673,0.039243627590419443,0.033018901121063702,0.025585768776317331,0.024672674044025357,0.030908242874912826,0.035535039654902954,0.031748652280057922,0.025709648995665764,0.027544771110446474,0.033554881997899771,0.03212447941029248,0.026233894567211964,0.028147055446755586,0.033435273903278008,0.030108083257313573,0.026053570101640392,0.030959546748784172,0.032559381207654807,0.026897944815101354,0.028826507374884369,0.033166474587602033,0.028200391190057656,0.027924886635541873,0.033207433936254068,0.028968911883168874,0.027902141723382305,0.033398168182036388,0.029076424266681559,0.028540266076175068,0.033801567458390423,0.028641302735514332,0.029968887288043983,0.03399586463403774,0.028065697453360744,0.032346275855033948,0.033243238329362916,0.028374584084817256,0.035122397420737109,0.031207997857986831,0.031031223682727825,0.036375782733584665,0.029491254856838495,0.036052444941657589,0.034153919755197227,0.031973298547330373,0.03939028052302351,0.031167766907111162,0.03968288044325039,0.036241979088494158,0.036088707057511204,0.043732175188788731,0.033828162589051433,0.049001411368703986,0.037392920832788329,0.050280729685972124,0.049894165355085675,0.048649366614388566,0.08937419039397409
2.8797502788786527e-22,2.7165594515106968e-20,1.3633680269086323e-18,4.5816921283722185e-17,1.1398579750710874e-15,2.2211875017525859e-14,3.5142718824218401e-13,4.6271250338625797e-12,5.1608239036202353e-11,4.9405103517079052e-10,4.0999224309161947e-9,2.9715929261740355e-8,1.8917024170342139e-7,1.0620231996530878e-6,5.2725452458834005e-6,0.000023183023956762653,0.000090308914558108435,0.00031140469689464829,0.00094843203923163303,0.0025419580674463765,0.0059622204111798231,0.012142622700845029,0.021240481488700438,0.031448195474657487,0.038681579544266339,0.038806076606064444,0.032024228863215303,0.024926725356308979,0.025128910204725985,0.031837969969705422,0.035328049747440443,0.030327486348574549,0.025181728984412427,0.028695098874350049,0.033891601711407376,0.030453511154914888,0.025588748318442631,0.029614216049610517,0.03322325721512229,0.028050109828629826,0.026582357299282449,0.032279942795910283,0.030577398008772277,0.026052948148942511,0.030793640740359169,0.031791771807210028,0.02641565313862159,0.030082218109061363,0.032200830704522501,0.026718375033015732,0.030282220086392066,0.032191548113428157,0.026815963327574877,0.031299744023268675,0.031685246947975914,0.02709949843889939,0.032877609888063324,0.030421061733384827,0.028390302126265281,0.034179664816201199,0.028696441581778129,0.031394156679691074,0.033700207770153115,0.028296206802386551,0.035122397420737109,0.03091818373049606,0.031708577357870514,0.035922383414655185,0.029438508666342775,0.037448384799025143,0.032085539870099676,0.034861630900588093,0.037625308194884053,0.032006246497894298,0.041990753062842633,0.032471057715640082,0.043196025518820251,0.037197984521348446,0.042039736713184901,0.045556492769748667,0.040555106161242496,0.058539322635569138,0.040330176760170101,0.094529809339827897
