1.1869459682199748e-66,3.205413460793686e-64,4.6982986282257908e-62,4.7086235402703725e-60,3.5708786575923815e-58,2.170489738551993e-56,1.0974065993083352e-54,4.7367884096460867e-53,1.7792606376701502e-51,5.9025515265367972e-50,1.7496859327242361e-48,4.6786345434988782e-47,1.1374279235575208e-45,2.5306829159670562e-44,5.1820207064954987e-43,9.8131444859533043e-42,1.7258020202351548e-40,2.8291017919273687e-39,4.3370556172637026e-38,6.2357245093793781e-37,8.4303865747170575e-36,1.0742006512525031e-34,1.2927382158081556e-33,1.4721327166839435e-32,1.5890706599715418e-31,1.6284770729761101e-30,1.5866670852753532e-29,1.4717255712379352e-28,1.3011546819473916e-27,1.0976757682305864e-26,8.8451682539103137e-26,6.8145026242558457e-25,5.0238406788673604e-24,3.5469892246807717e-23,2.4000944443023529e-22,1.5575388973986558e-21,9.699884901962193e-21,5.8004987301960444e-20,3.3324951598715904e-19,1.8403277812921484e-18,9.773297634708273e-18,4.9933266967185741e-17,2.4553254962200048e-16,1.1623882577320684e-15,5.2997503582720575e-15,2.3278098567751164e-14,9.8523695557220924e-14,4.0191670640512046e-13,1.5806035860219261e-12,5.9934851218314773e-12,2.1916564123084707e-11,7.7296234042802814e-11,2.629558003351517e-10,8.6294102005766891e-10,2.7319867430153236e-9,8.3443064109428617e-9,2.4587880687137913e-8,6.9898222624671182e-8,1.9169477844432559e-7,5.0714059155482926e-7,1.2941511949040289e-6,3.1851837266312421e-6,7.5599779532317057e-6,0.000017301196325860133,0.000038170098310865658,0.0000811657109709752,0.00016631178190575454,0.00032829277684222525,0.00062411079762665754,0.0011423129850064681,0.0020122353143080417,0.0034101645328392664,0.0055576627294437905,0.0087062374144948178,0.013103106181045951,0.018936036854041252,0.026261590791572235,0.034929717788244313,0.044525989059794428,0.054356863567490225,0.063499284902780717,0.070921730263576173,0.075661802555515058,0.077022409417321349,0.074734061713314959,0.069033029348091092,0.060626291271620309,0.050548382906009181,0.039949688659448468,0.029876569707222538,0.02110256856372412,0.014048089319946844,0.0087936229614905538,0.005162545977269294,0.002834319737909684,0.0014504693993426013,0.00068935357316520136,0.00030298639633665904,0.00012256085775476169,0.00004537216871561655,0.000015271195076412701,4.6365529214136311e-6,1.2578750839211242e-6,3.013869465179663e-7,6.2842076931830841e-8,1.1186216202291976e-8,1.656315530446333e-9,1.9656421682583937e-10,1.7651987765330674e-11,1.0838759155824666e-12,3.6121765488546833e-14
3.205413460793686e-64,8.4484440125961369e-62,1.2082118331797913e-59,1.1810634573459395e-57,8.7336303761474253e-56,5.1746155343216185e-54,2.5494419673251293e-52,1.0719427430297236e-50,3.9209034199650897e-49,1.2661647210487644e-47,3.6522040034239033e-46,9.4993704202836274e-45,2.2454947640297628e-43,4.8558501173821962e-42,9.660241973208912e-41,1.7765405458265152e-39,3.0328246290253868e-38,4.8239183872889618e-37,7.1720144196146922e-36,9.9958884077675425e-35,1.3093547399422858e-33,1.615663224778781e-32,1.8819354109248417e-31,2.07317235628178e-30,2.1636336746837922e-29,2.1425143988663575e-28,2.015906108352001e-27,1.8046183681335675e-26,1.538804822062771e-25,1.2512284633751095e-24,9.7113071322813191e-24,7.201195309832074e-23,5.1060246607613432e-22,3.4645643025543357e-21,2.2511809999809687e-20,1.4016889127210808e-19,8.3682012304080815e-19,4.7928038783773715e-18,2.6347621825211271e-17,1.3908653252365357e-16,7.0534218242326621e-16,3.4375372443016355e-15,1.6105440479051959e-14,7.2561149957385933e-14,3.1445258808419281e-13,1.3110631476515546e-12,5.2600831324504624e-12,2.0310974048756878e-11,7.5490487288645926e-11,2.700952229109775e-10,9.3031555993603933e-10,3.084916458867078e-9,9.8481033481970736e-9,3.0264891992705849e-8,8.9530034431465786e-8,2.5491247238123496e-7,6.9845566522228935e-7,1.8413098936290064e-6,4.6692921265589297e-6,0.000011386407186483061,0.000026692368143723811,0.000060128616678746852,0.00013009818743583059,0.00027022753705823344,0.00053851170490644082,0.0010288893675915517,0.0018832474628533709,0.0032992715642167857,0.0055264813292517848,0.0088405298097666656,0.013486654582881398,0.019589680401149621,0.027041728380642473,0.035398082678688436,0.043829769802944898,0.051186901774770812,0.056207693144828732,0.057859307463962633,0.055728476274838968,0.050320076368978329,0.043107929358822508,0.036241428040011973,0.031939523169965053,0.03175332477647458,0.035975665112033686,0.043456299994867685,0.051933322813590275,0.058773805025757621,0.061835314510191216,0.06010961899187029,0.053917693295083374,0.044632523359007997,0.034103555560151085,0.024048692364312332,0.015638028590672177,0.0093634500544107328,0.005151219856306243,0.0025961714970696177,0.0011941930856882597,0.00049899119334763277,0.00018830599717120697,0.000063719458530398588,0.000019162346777526517,5.0644912282050133e-6,1.1596244435432239e-6,2.2574939984886075e-7,3.6419179778293416e-8,4.6927938641783003e-9,4.5611197658754199e-10,3.0221877125417517e-11,1.0838759155824666e-12
4.6982986282257908e-62,1.2082118331797913e-59,1.6853318236924434e-57,1.6064023580554873e-55,1.1579076268843032e-53,6.6851439694235679e-52,3.2083601636799488e-50,1.3135984865722535e-48,4.6770700752079442e-47,1.4696500071650379e-45,4.1233435680425396e-44,1.0427740426026388e-42,2.3957061537077687e-41,5.0330703075398592e-40,9.7233680095747093e-39,1.7356974627192053e-37,2.8748801520477335e-36,4.4344849338450962e-35,6.390664445164994e-34,8.6292295008184543e-33,1.0945378761979041e-31,1.3071242008242787e-30,1.4727370110968698e-29,1.5684263167696959e-28,1.5814876965047363e-27,1.5121514591639762e-26,1.3729598133135425e-25,1.1852372950284896e-24,9.7396117791988709e-24,7.626536844465549e-23,5.6961789192404422e-22,4.0615850473396478e-21,2.7670391237006097e-20,1.802455500691482e-19,1.1234060551319007e-18,6.7034608156422924e-18,3.8317221427173707e-17,2.0991374554164674e-16,1.1026483693938916e-15,5.5559578576298546e-15,2.6863525937036223e-14,1.2467701324866134e-13,5.5558114027199126e-13,2.377642171204272e-12,9.7738485575614162e-12,3.8598396971248606e-11,1.4645499760530667e-10,5.3394838203425356e-10,1.8705327752374833e-9,6.2964344574982029e-9,2.0363886912465159e-8,6.3272762118581659e-8,1.8884076609640571e-7,5.4126289148687814e-7,1.4895032198696123e-6,3.9342058060815248e-6,9.9698629417975138e-6,0.000024229327590102359,0.000056439520227789093,0.00012593509243382311,0.00026898024443752979,0.00054946945846967979,0.0010725035055427583,0.0019980292364210919,0.0035480570230770092,0.0059966631565918861,0.0096292497639570218,0.014660161282374687,0.021109984223178509,0.028667447211128302,0.036590900472599449,0.043726357332650237,0.04871106565148077,0.050374829636786603,0.048247911555522637,0.042972074286393044,0.036360376730556666,0.030931832224028727,0.02897473137702968,0.031485247130883126,0.037517481950437063,0.044399846849203225,0.048881204763508432,0.048735932082014727,0.043998276315848678,0.037089714894210882,0.031668716335468672,0.030766724948856658,0.035217374620958057,0.043233715195317983,0.051321943009476134,0.055965308975492496,0.055141934318593571,0.048948047725919879,0.039185874780407434,0.028332405337114176,0.018513021785430119,0.01092696360821592,0.0058156758489728449,0.0027826762938463505,0.0011916725674620856,0.0004540005627983619,0.00015265092436776993,0.000044829891427783055,0.000011343090906168492,2.4281032613462246e-6,4.2879495137951219e-7,6.023678341757219e-8,6.3591637680217931e-9,4.5611197658754199e-10,1.7651987765330674e-11
4.7086235402703725e-60,1.1810634573459395e-57,1.6064023580554873e-55,1.4925207362218958e-53,1.0483147650906685e-51,5.8956408442040618e-50,2.7551959709354166e-48,1.0980536827720011e-46,3.8042091391308864e-45,1.1626993364096347e-43,3.1717185650281438e-42,7.7956182019556702e-41,1.7399128560225505e-39,3.549551157054907e-38,6.6559618172198881e-37,1.1527176492441888e-35,1.8514770883420674e-34,2.7680869916277128e-33,3.8645760830172525e-32,5.0526734390553123e-31,6.2021145750174249e-30,7.163808856288707e-29,7.8022589866297076e-28,8.0272769891253307e-27,7.8146658957944627e-26,7.2094459466935396e-25,6.3115700376821627e-24,5.2499804736116679e-23,4.153888192635866e-22,3.1295127066220852e-21,2.2471456320957424e-20,1.5391794258315287e-19,1.0064398143871395e-18,6.2868402401914642e-18,3.7540433223878292e-17,2.144060521095956e-16,1.1718402110054849e-15,6.1318479328885829e-15,3.0731264141113969e-14,1.4756633561537202e-13,6.791124906713982e-13,2.9960699016477739e-12,1.2673747022075859e-11,5.1412302172756992e-11,2.0002441544635454e-10,7.4640866609329554e-10,2.6714690158713273e-9,9.1702932967441098e-9,3.0187877739734201e-8,9.5286324612550346e-8,2.8832601857673229e-7,8.361254589120065e-7,2.3229653088855262e-6,6.180369720699292e-6,0.000015738652610194169,0.000038339187341012274,0.000089276333801274735,0.00019856029708657975,0.00042140203937257612,0.00085244421473723083,0.0016414848547394723,0.0030043490232406827,0.0052171495985230693,0.0085777762307874842,0.013319777527750264,0.019476931732911723,0.02672543443891742,0.034269845542939506,0.04086965651759662,0.045094021130392038,0.04581421328112873,0.042799236752350266,0.037128962369406501,0.031092198910313133,0.027399195344456676,0.027911236054109195,0.032502466717117631,0.03881902767559046,0.043347709417375566,0.043415834342814548,0.038975073627344277,0.032894476925317394,0.029300665328818873,0.030857808907218455,0.036814422917668528,0.043320223695928554,0.045980909852793041,0.04293753756197655,0.036258716143756899,0.030602062993161979,0.030087520257467279,0.035591979301784105,0.044267038404185171,0.05140429285469226,0.053187675277831435,0.04852122725086896,0.03904991191591513,0.027794686984495888,0.017524203355540193,0.0097855589384101916,0.0048294850732550309,0.0020978931106321633,0.00079695720223698185,0.00026234519441340988,0.000073893189906297512,0.000017501063793279871,3.4011531899907189e-6,5.2326607554395827e-7,6.023678341757219e-8,4.6927938641783003e-9,1.9656421682583937e-10
3.5708786575923815e-58,8.7336303761474253e-56,1.1579076268843032e-53,1.0483147650906685e-51,7.1724007978784652e-50,3.9278149544630809e-48,1.7867383941903705e-46,6.9287891556301828e-45,2.3348317081494562e-43,6.9381433681213617e-42,1.8394044451820812e-40,4.3919422733738051e-39,9.5184920948245062e-38,1.8847507727388433e-36,3.428705797939411e-35,5.7580291763540561e-34,8.9636852377121271e-33,1.2982071892110664e-31,1.754823062845343e-30,2.2201543673249096e-29,2.6356463891327673e-28,2.9425437193814227e-27,3.0957633707949059e-26,3.0747597128823464e-25,2.8877898455660255e-24,2.5684729671701147e-23,2.1663194152797037e-22,1.7347480132626836e-21,1.3203698753708665e-20,9.5616766168591266e-20,6.5939331884819087e-19,4.3339314335800307e-18,2.7168547467301249e-17,1.6254921754080421e-16,9.2873951204048903e-16,5.0701525211888089e-15,2.6458551039935243e-14,1.3203905282908048e-13,6.3034429064699972e-13,2.8794870882942127e-12,1.2589619527110815e-11,5.269193673144774e-11,2.1113457714255944e-10,8.0999648269349504e-10,2.9751937096284077e-9,1.0462357167652773e-8,3.5218659747908969e-8,1.1346539679623638e-7,3.4977552480767359e-7,1.0313503164895556e-6,2.9075941456537409e-6,7.8334513702416784e-6,0.000020155889436608986,0.000049495897508049301,0.00011590135550894356,0.00025854135755609125,0.00054876965332066139,0.0011068237469540142,0.0021178842347107798,0.0038374727189851007,0.0065696598485749673,0.010598613478585466,0.016061908076374374,0.022779984832539872,0.030100292741785972,0.036860751711727051,0.041589083341463714,0.04298882398077672,0.040603272075985493,0.035348917024361391,0.029506322177106884,0.025907142654666572,0.026504956878847526,0.031065885134963901,0.036944693379094986,0.040453635924022923,0.039255710233043156,0.034207412763777776,0.029074044045572226,0.027913965488318153,0.031870418358983596,0.037986318046766124,0.041359875606412591,0.039190848193574462,0.03334871173661217,0.029015876379333354,0.030290891536815289,0.036505396444471568,0.042616386410102215,0.043486143507703135,0.038340429133842095,0.031507872512960656,0.02886889678706894,0.033146482143782183,0.041910172865429182,0.049561499211822162,0.05127775495245827,0.045777101553618652,0.035306985753986094,0.023603995343721467,0.013699643104801139,0.0068957470569112924,0.0029983508676808676,0.0011180982589708246,0.00035363210478658338,0.000093339965381086004,0.000020083123251018382,3.4011531899907189e-6,4.2879495137951219e-7,3.6419179778293416e-8,1.656315530446333e-9
2.170489738551993e-56,5.1746155343216185e-54,6.6851439694235679e-52,5.8956408442040618e-50,3.9278149544630809e-48,2.0937505390396715e-46,9.2674029072047232e-45,3.4954935069093127e-43,1.1452142147720268e-41,3.307311401321672e-40,8.5177505188380714e-39,1.9748295803622128e-37,4.1540325882913561e-36,7.9796075010095612e-35,1.4075834372688102e-33,2.2909605414959178e-32,3.4546680485047604e-31,4.8440446635319294e-30,6.335809978241464e-29,7.7519032290705616e-28,8.8942896969515752e-27,9.5913337094377485e-26,9.7404407113274352e-25,9.3323033722047251e-24,8.4491042966452716e-23,7.2389562362128391e-22,5.8769881766438101e-21,4.526492609861719e-20,3.3110147682663738e-19,2.3023477732263875e-18,1.5232360240024189e-17,9.5959247653980921e-17,5.7601035436993295e-16,3.2965817554285929e-15,1.7997884202862216e-14,9.3779128617623094e-14,4.6654281506325528e-13,2.2167772400652872e-12,1.0062695537006374e-11,4.3647260913069455e-11,1.8093013181807635e-10,7.1681795429278699e-10,2.7142832912699883e-9,9.8225580456906918e-9,3.3967320956928898e-8,1.1222175212578263e-7,3.5411897405547608e-7,1.0668858360572856e-6,3.0674888591592886e-6,8.4120015431474357e-6,0.0000219873128944038,0.000054733134634642516,0.00012963386783898337,0.00029180119724967296,0.00062341872871787588,0.0012621708079948006,0.002417134882487339,0.0043689730403925301,0.0074340413866994473,0.011871043358038861,0.017723637376111226,0.024630537579829376,0.031691031732008755,0.03751949902743327,0.040605324534516457,0.039966780656797256,0.035859965856730184,0.030095058862000843,0.025526643426213026,0.024676708592572345,0.028117440738889576,0.033738701255424718,0.03778122543090288,0.037362269117115695,0.032821152629244574,0.027831098803842726,0.026666479015322697,0.030519732936765536,0.03613147463344181,0.038444744304149781,0.035309388854744237,0.029817112598844297,0.027578036414934473,0.031165492038880067,0.037260409762853599,0.039781108689249034,0.03615626140681385,0.030234607204141639,0.028494781962268334,0.03328790954406638,0.040211230131556142,0.042483386602698455,0.037825091301508091,0.030805779279925257,0.028463330342614699,0.033771252048879693,0.043156458457860988,0.049763015559468513,0.048815197927213944,0.04041508976863457,0.028337534703940455,0.016879267498013726,0.0085400180939979835,0.0036549332817769387,0.0013116857617636549,0.00038911903237238796,0.000093339965381086004,0.000017501063793279871,2.4281032613462246e-6,2.2574939984886075e-7,1.1186216202291976e-8
1.0974065993083352e-54,2.5494419673251293e-52,3.2083601636799488e-50,2.7551959709354166e-48,1.7867383941903705e-46,9.2674029072047232e-45,3.9897356029054301e-43,1.4630940226584322e-41,4.6585149139776322e-40,1.3069128668466401e-38,3.2682490155372083e-37,7.3542816413116683e-36,1.5007080326380767e-34,2.7951941205883744e-33,4.7784828827640552e-32,7.5334291306305097e-31,1.0997816131840234e-29,1.4920752921900863e-28,1.8871906946016166e-27,2.2314760501144716e-26,2.4728323808393202e-25,2.5738348857825788e-24,2.5211932856712952e-23,2.328294643950613e-22,2.0303194594930746e-21,1.6741865601397321e-20,1.3071098777001972e-19,9.6736031237682991e-19,6.7932881615317843e-18,4.5309358328677565e-17,2.872558097837859e-16,1.7323639751006709e-15,9.9443684568140213e-15,5.4365743607700869e-14,2.8319883991269957e-13,1.4062108874928868e-12,6.658017270932713e-12,3.0066704672348911e-11,1.2952474723677305e-10,5.3234563153910003e-10,2.0874911819327846e-9,7.8095990134421151e-9,2.7871151324635393e-8,9.4867227807367964e-8,3.0788423422447214e-7,9.5236245975971494e-7,2.8063988958575243e-6,7.8735036739844629e-6,0.000021015609799375629,0.000053320291667883204,0.00012846037398768794,0.0002935206005325317,0.00063514081590938706,0.0012993236211025548,0.0025078168396421175,0.0045556745241502073,0.0077665741069543244,0.012382681937344453,0.018385965887253346,0.025295873104160672,0.032054529325250354,0.037154437184023637,0.039118986185236133,0.037263968200884052,0.032390136846218162,0.026863663554526179,0.023690195424239111,0.024795734103188394,0.029518602934687123,0.034620518747059889,0.036340265992768536,0.033344735920697526,0.028171653455023237,0.025434659539944904,0.027775269716092136,0.033119825661824924,0.036307619096571005,0.03414239054426588,0.028950026198073252,0.026472074409011053,0.029702480126470679,0.035277532281738405,0.036966353473976805,0.032859794321776971,0.027923734009719213,0.028372016810233162,0.034128140877710184,0.038591002520451078,0.036474071014758588,0.03040699502597985,0.028038518822296215,0.032871226557409364,0.039877677852366643,0.04123886761124839,0.035390400658166893,0.028883331875944237,0.02929217128554749,0.03739161013835602,0.046657879920432033,0.049520682196149509,0.043402377276386953,0.031446144369124281,0.018910717415183542,0.0094422085887768847,0.0038945184680536852,0.0013116857617636549,0.00035363210478658338,0.000073893189906297512,0.000011343090906168492,1.1596244435432239e-6,6.2842076931830841e-8
4.7367884096460867e-53,1.0719427430297236e-50,1.3135984865722535e-48,1.0980536827720011e-46,6.9287891556301828e-45,3.4954935069093127e-43,1.4630940226584322e-41,5.2143017902673767e-40,1.6127968283198666e-38,4.3933266390188374e-37,1.066293703258169e-35,2.3276107357626714e-34,4.6053354968668352e-33,8.3128753589565535e-32,1.3764964164616805e-30,2.1008105280704784e-29,2.9673208950114105e-28,3.8927661911444829e-27,4.75804858961692e-26,5.4334611880835166e-25,5.8111909878974856e-24,5.8336531681396643e-23,5.5073988921620045e-22,4.8982020402756309e-21,4.1104122436007804e-20,3.2590873060970501e-19,2.4446022577787517e-18,1.7366165223307094e-17,1.1695324684805108e-16,7.4733234501968775e-16,4.5346497884469095e-15,2.6145394585363982e-14,1.4332471275204568e-13,7.4737076897131855e-13,3.7086693918393846e-12,1.7518987633553671e-11,7.8798007135783779e-11,3.3752657201954771e-10,1.3769645919446409e-9,5.3500626344698458e-9,1.9796021151199508e-8,6.9743260441245117e-8,2.3389048107479029e-7,7.4635376521105421e-7,2.265092956952628e-6,6.5338635979702702e-6,0.000017900723994394477,0.000046536503642117414,0.00011467485990826477,0.00026750562332752398,0.00058982253445205268,0.0012269921110742581,0.0024029879702122,0.0044190085795201476,0.0076069439432417147,0.012211758785010273,0.018199395272400304,0.025041631458960521,0.031604667991060235,0.036314733561593404,0.037712763741094987,0.035287773222239399,0.030158640316103597,0.024990409608231135,0.022786762732605978,0.024976508249260061,0.030076635073414424,0.034312552270810568,0.034330684480209457,0.030147711761216348,0.02556569481010583,0.024990723056920557,0.029109370264776516,0.033805516525125386,0.034144765156971516,0.0298004833809879,0.025809289274350895,0.02703086069851015,0.032232116161793477,0.035190544548578138,0.032269648129205354,0.027304753175971446,0.027009929825458053,0.032151062204456464,0.036157279115207197,0.033739406896459404,0.028302117608363327,0.027649820001167266,0.033253003132254966,0.037864644687275954,0.0353061194812465,0.0291857337734034,0.028294582289565744,0.034699025769578323,0.040701506450076553,0.038778973088329215,0.031312591772754818,0.027762258745214733,0.0334507938190229,0.043733150107531313,0.049244108942380105,0.044866795627389734,0.0329584765656856,0.019604655499003606,0.0094422085887768847,0.0036549332817769387,0.0011180982589708246,0.00026234519441340988,0.000044829891427783055,5.0644912282050133e-6,3.013869465179663e-7
1.7792606376701502e-51,3.9209034199650897e-49,4.6770700752079442e-47,3.8042091391308864e-45,2.3348317081494562e-43,1.1452142147720268e-41,4.6585149139776322e-40,1.6127968283198666e-38,4.8436919764939973e-37,1.2805673093181811e-35,3.0150170545982753e-34,6.3813436614373896e-33,1.2235712312591161e-31,2.139217247875764e-30,3.4290627167160028e-29,5.0633295066111968e-28,6.915214628100584e-27,8.7664602353946481e-26,1.0347657245317537e-24,1.1403762322545966e-23,1.1762359381754011e-22,1.1379263878929136e-21,1.0345163008021278e-20,8.8532592432969025e-20,7.1428316093397355e-19,5.4403358495953091e-18,3.9164335344862333e-17,2.6676452537335468e-16,1.7208611817934025e-15,1.0522086613777599e-14,6.1024874728082641e-14,3.359132389105485e-13,1.7558453741994969e-12,8.7190077817235164e-12,4.114454176616827e-11,1.8455463997014128e-10,7.8698959327853213e-10,3.1905680421301035e-9,1.2297157344201783e-8,4.5052532148158463e-8,1.5685796339976405e-7,5.1881675039981632e-7,1.6294336380669666e-6,4.8563822310583616e-6,0.000013725158373425961,0.000036749677459846873,0.00009312001420261202,0.00022300415837148269,0.00050394068911180711,0.0010725723348000417,0.0021452590740125801,0.0040213381895370402,0.0070419440746169769,0.011474770070103468,0.017316434665185372,0.024061821791391309,0.030573857212433395,0.035244280357421015,0.036575099373697126,0.034065441505941469,0.028928390644908329,0.023958673728709915,0.022178787258046151,0.024789951173527947,0.029904363672553497,0.033518820806363999,0.032615399612387752,0.028042366071394863,0.024191458088203836,0.024983892455815356,0.02968570731656443,0.033253894586076238,0.031700921465156632,0.026907962091943377,0.024803216464875173,0.028198273828822287,0.032911194901135537,0.032840864443571996,0.028155872441282104,0.025469386065896685,0.028843408270501693,0.03375104036052186,0.033230610486570098,0.028148027474193973,0.026331815146742489,0.030973304233140501,0.035439818700579479,0.033085461123181205,0.027671340010366906,0.027988453292228432,0.034257677231221421,0.037357932290693159,0.032694141493340791,0.02757828169524944,0.030481089879120886,0.038203499072962524,0.040212887184302932,0.033706009087423515,0.027731375661299088,0.031232508670795309,0.04180917534012541,0.048893387665709331,0.045295210372018548,0.0329584765656856,0.018910717415183542,0.0085400180939979835,0.0029983508676808676,0.00079695720223698185,0.00015265092436776993,0.000019162346777526517,1.2578750839211242e-6
5.9025515265367972e-50,1.2661647210487644e-47,1.4696500071650379e-45,1.1626993364096347e-43,6.9381433681213617e-42,3.307311401321672e-40,1.3069128668466401e-38,4.3933266390188374e-37,1.2805673093181811e-35,3.2842095212207044e-34,7.4972848063055707e-33,1.5377571267218156e-31,2.8558392292386963e-30,4.8333386836678969e-29,7.4955845688793763e-28,1.0701491788456189e-26,1.412283770112347e-25,1.7288926835482916e-24,1.9693415004440392e-23,2.0929452026036448e-22,2.0802579784463481e-21,1.9378416319523482e-20,1.6950248946611245e-19,1.3944844451373698e-18,1.0806185216182383e-17,7.8980566068128909e-17,5.450779858041016e-16,3.5557255641548948e-15,2.1943881126718206e-14,1.2821718677014542e-13,7.0975613413300857e-13,3.7242388226497391e-12,1.8531953217542406e-11,8.7479357647738259e-11,3.9182502247954347e-10,1.6654760186872221e-9,6.7182622679634858e-9,2.5716658120968405e-8,9.3396294293806147e-8,3.2171389758484244e-7,1.0506250647754863e-6,3.2509952787847054e-6,9.5249407158649681e-6,0.000026399641821274213,0.000069143524344784932,0.00017090431987426164,0.00039803265920005672,0.00087182441537185776,0.0017918490774425062,0.003446312603201023,0.0061824809649911038,0.010303767879137568,0.015876241781050536,0.022482819791276961,0.029054323444676647,0.033981831552755708,0.035674102673946922,0.033479181872304419,0.02849157691928479,0.023502621322441289,0.021635669912501715,0.024178417505489959,0.029206759107449324,0.032618846277611125,0.031448326934789294,0.026831890038324353,0.023393889364619873,0.024784382899589695,0.029550942725830559,0.032307918283903534,0.029826995398224341,0.02523532939875142,0.024509171623774932,0.028759488435334475,0.032358123509441895,0.030375466612994032,0.025732185605882141,0.025397435913825691,0.030132135160922861,0.032941383567916544,0.029583025931736677,0.025494134822423041,0.027533519785969747,0.032791253060116165,0.03289364311723199,0.02780162016291411,0.02633028520652757,0.031517312873573341,0.035073804434978371,0.031158301487615908,0.026672841491252107,0.029916935576171879,0.036222038221807601,0.035376128000053434,0.028939110080168714,0.028177803982532331,0.035586515715473709,0.040379754760946497,0.0353144746726118,0.028094102620021662,0.030280774553468152,0.041151680002614184,0.048893387665709331,0.044866795627389734,0.031446144369124281,0.016879267498013726,0.0068957470569112924,0.0020978931106321633,0.0004540005627983619,0.000063719458530398588,4.6365529214136311e-6
1.7496859327242361e-48,3.6522040034239033e-46,4.1233435680425396e-44,3.1717185650281438e-42,1.8394044451820812e-40,8.5177505188380714e-39,3.2682490155372083e-37,1.066293703258169e-35,3.0150170545982753e-34,7.4972848063055707e-33,1.6585819410561613e-31,3.2949298527660323e-30,5.9234493874839878e-29,9.6988089637868683e-28,1.4542693884244395e-26,2.0062236466562745e-25,2.5566368445420172e-24,3.0201722351244956e-23,3.3173646726219005e-22,3.3971673716317083e-21,3.2510758916913983e-20,2.9135830726024015e-19,2.4497180474205336e-18,1.9355227581783719e-17,1.4391161981704774e-16,1.0082210808271439e-15,6.6627983389495124e-15,4.1573286558297919e-14,2.4512420896425105e-13,1.3667043663411407e-12,7.2099046371469152e-12,3.6003987851802066e-11,1.7025041237584615e-10,7.625069516915547e-10,3.2349694011651826e-9,1.3000801496983907e-8,4.9487442658757574e-8,1.7837835512652204e-7,6.0862715381689186e-7,1.9647171184788185e-6,5.9964940270344034e-6,0.00001728925826655008,0.000047041757663383445,0.00012063310242874601,0.00029111011442515398,0.00065985940527620444,0.0014017820175770881,0.0027834084196277309,0.0051490602632651275,0.0088392645286454046,0.014013422430431362,0.020396096012058403,0.027058852966175476,0.032446416412932095,0.034854144069282041,0.033348476133573197,0.028700765829910226,0.023547277043420657,0.021164634555456257,0.023218919722389402,0.028100384666859554,0.031706433134433931,0.030804261550153269,0.026308484938007243,0.022868619347963553,0.024245740674243078,0.028924180212151857,0.031400827460446955,0.028663357550189673,0.024294505973720888,0.024208043322078285,0.028647551308436472,0.031430042185403853,0.028576075597596599,0.024452702918574792,0.025557987536821451,0.030377428825259263,0.031353067415001265,0.02699414994942623,0.024728164270630239,0.028701808228664924,0.032396083829542175,0.02954288443206569,0.025345648126113576,0.027678263688498931,0.032817170207874145,0.031705391915932518,0.026556369285251504,0.027306162093335089,0.033261747542581968,0.03383850799418815,0.028159979115971231,0.027270345310960286,0.033794465783516908,0.036492541860033864,0.03066452643686781,0.027300123279290312,0.033713528312050248,0.040125595021733052,0.03607333134667292,0.028271474390400891,0.030280774553468152,0.04180917534012541,0.049244108942380105,0.043402377276386953,0.028337534703940455,0.013699643104801139,0.0048294850732550309,0.0011916725674620856,0.00018830599717120697,0.000015271195076412701
4.6786345434988782e-47,9.4993704202836274e-45,1.0427740426026388e-42,7.7956182019556702e-41,4.3919422733738051e-39,1.9748295803622128e-37,7.3542816413116683e-36,2.3276107357626714e-34,6.3813436614373896e-33,1.5377571267218156e-31,3.2949298527660323e-30,6.3363059048878125e-29,1.1020242310421706e-27,1.7446049898876483e-26,2.5276147608232783e-25,3.3670253160284508e-24,4.1403653420781416e-23,4.7162032773806632e-22,4.9913717738860389e-21,4.9211813178344665e-20,4.5305305558815725e-19,3.9025230182348307e-18,3.1509263922245707e-17,2.3884292558467516e-16,1.7020328788543854e-15,1.1416373447319873e-14,7.2151580294225796e-14,4.3003969355019696e-13,2.4190376730717852e-12,1.2850392670790399e-11,6.4497404875783089e-11,3.0596942839865495e-10,1.372232507825588e-9,5.8189009298731854e-9,2.3329865378418927e-8,8.8425722448691215e-8,3.1675017208322792e-7,1.0718625726204e-6,3.4244217458121631e-6,0.000010321089052646927,0.00002931777545052261,0.000078393734860930313,0.00019703302122776444,0.00046465539773131515,0.0010259412336065882,0.0021153524734083008,0.0040601336513792887,0.007226449570754279,0.011871155348082739,0.017895188493314755,0.024580308157534872,0.030505326050272153,0.033887298776386374,0.033439176467922203,0.029423353343441268,0.024119322587092141,0.020911254359425803,0.022058858617691847,0.02662622915746775,0.030695173068734631,0.030535827735132087,0.026350260825034229,0.022571743759491463,0.023419523525197339,0.027930551194096904,0.030628719595612333,0.028122470580962799,0.023799018985270357,0.023688177444897976,0.028044869709479882,0.03056096339968114,0.027505262193506544,0.023721036988397862,0.025395836892414212,0.029976152880009286,0.029949301480926979,0.025464342290284227,0.024497593126822775,0.029038517194350595,0.031153698709447309,0.027116115973720585,0.024618245015133919,0.028735458878700224,0.032006759598515614,0.028337925624811084,0.025096955739970544,0.029147026366692291,0.033025628269946797,0.029290789771819792,0.025699333437937086,0.030154957976080391,0.034454844935834127,0.03028707791087694,0.02639055972837762,0.031560859635771049,0.036578469173250482,0.031940016754225149,0.027104327903602057,0.032785697267690733,0.039983959001699455,0.03607333134667292,0.028094102620021662,0.031232508670795309,0.043733150107531313,0.049520682196149509,0.04041508976863457,0.023603995343721467,0.0097855589384101916,0.0027826762938463505,0.00049899119334763277,0.00004537216871561655
1.1374279235575208e-45,2.2454947640297628e-43,2.3957061537077687e-41,1.7399128560225505e-39,9.5184920948245062e-38,4.1540325882913561e-36,1.5007080326380767e-34,4.6053354968668352e-33,1.2235712312591161e-31,2.8558392292386963e-30,5.9234493874839878e-29,1.1020242310421706e-27,1.8531322555110966e-26,2.8346243635841896e-25,3.9655522066899429e-24,5.0972084166854958e-23,6.0437076786688717e-22,6.6329602382756803e-21,6.758353644507195e-20,6.4096755157915955e-19,5.6713081138815307e-18,4.6908310043912403e-17,3.6332439211080465e-16,2.6392463952814458e-15,1.8004515663441349e-14,1.1547698563897458e-13,6.9702010548092959e-13,3.9626550093932629e-12,2.1232886030635817e-11,1.0728583985173109e-10,5.1139315376900681e-10,2.3001461716686801e-9,9.763217685186097e-9,3.9107074110115748e-8,1.4779738461244842e-7,5.2684683701129152e-7,1.7704889147004614e-6,5.6053073335164066e-6,0.000016704042742336094,0.000046803598909856508,0.00012313405731933999,0.00030366264982755677,0.00070054200907541158,0.0015081067911497685,0.003020497113798552,0.0056076240749351551,0.0096068198305918502,0.015103469705154369,0.021642765761943829,0.028034699177746987,0.032514511615813934,0.033455276264044654,0.030476170143412362,0.025254459911614406,0.021095752379542139,0.020925360849911526,0.024826987824672325,0.029408221636333913,0.030409446782727007,0.026872989562640496,0.022612300263030691,0.022458811059015796,0.026601204636570918,0.029885136399231926,0.028067862375795923,0.023680411868205303,0.022984915386920999,0.027070449874439245,0.029836424193169291,0.027044684022808687,0.023256669469604494,0.024835445221744874,0.029266233969520785,0.029015211486278531,0.024627242808822791,0.024175411495995125,0.028727411608048908,0.029969372538787815,0.025671496262161403,0.024346248803155786,0.028932299269124008,0.030609438651583669,0.026174992622944768,0.024936283460246014,0.029920027811549882,0.031164307879100548,0.026276131926255367,0.025979681901572151,0.031575454611868545,0.031586262711941069,0.026251049242394176,0.027676446133472253,0.033724234608551733,0.031896345189329664,0.026464604743741929,0.030080011521479481,0.036335175442371809,0.032571193173358265,0.027093402778321399,0.032785697267690733,0.040125595021733052,0.0353144746726118,0.027731375661299088,0.0334507938190229,0.046657879920432033,0.048815197927213944,0.035306985753986094,0.017524203355540193,0.0058156758489728449,0.0011941930856882597,0.00012256085775476169
2.5306829159670562e-44,4.8558501173821962e-42,5.0330703075398592e-40,3.549551157054907e-38,1.8847507727388433e-36,7.9796075010095612e-35,2.7951941205883744e-33,8.3128753589565535e-32,2.139217247875764e-30,4.8333386836678969e-29,9.6988089637868683e-28,1.7446049898876483e-26,2.8346243635841896e-25,4.1867476622453713e-24,5.6516267987308802e-23,7.0044415137930361e-22,8.0017338611877392e-21,8.4543479896685938e-20,8.2859321143446994e-19,7.5523421329012438e-18,6.4161083889752622e-17,5.0904636220927495e-16,3.7781062546021129e-15,2.6269943750302338e-14,1.7134046877715914e-13,1.0494032660783543e-12,6.0408250701779579e-12,3.2706910136694888e-11,1.666562532026509e-10,7.9951264624920563e-10,3.6121658591973255e-9,1.5370909925103214e-8,6.1603365803935674e-8,2.3248529572350234e-7,8.258698281524556e-7,2.7600154088015938e-6,8.6709360143836367e-6,0.000025582767502697957,0.000070797334036330056,0.00018348714971221675,0.00044452200945739404,0.0010043322321697991,0.0021102540443369727,0.0041093159076725655,0.0073849235219960149,0.012184322807337573,0.018337505774642261,0.024976324723934929,0.030497864836042254,0.033049425706112641,0.031572171153678236,0.026902211728508828,0.021941063421185925,0.020138235181919275,0.022840922427080381,0.027671086763864098,0.030106593483680779,0.027734677666775112,0.02315389500655674,0.021614616192239021,0.02496354690455911,0.028950832991635063,0.028314443190645287,0.023993539917481027,0.022269987847854006,0.025768460761164622,0.029135664328763483,0.027065208980299179,0.023038304703856772,0.023959919940307813,0.028353206400178486,0.028523518655237661,0.024258967291924494,0.023619236775242947,0.028015317276207597,0.029135968359397693,0.024906788756784124,0.023971347419429105,0.028522084751533861,0.029432570947847157,0.024966262724665704,0.024848596735019999,0.029747705651851953,0.029366919203879139,0.024752819688276934,0.026519326912080983,0.031296784010525123,0.028706829496465713,0.024910606213220529,0.029212355724148175,0.032493337678193994,0.027577219264100165,0.026298320453977625,0.032647576540008142,0.03279072635182492,0.026767640009055792,0.029381849176417358,0.036206895600219681,0.032571193173358265,0.027104327903602057,0.033713528312050248,0.040379754760946497,0.033706009087423515,0.027762258745214733,0.03739161013835602,0.049763015559468513,0.045777101553618652,0.027794686984495888,0.01092696360821592,0.0025961714970696177,0.00030298639633665904
5.1820207064954987e-43,9.660241973208912e-41,9.7233680095747093e-39,6.6559618172198881e-37,3.428705797939411e-35,1.4075834372688102e-33,4.7784828827640552e-32,1.3764964164616805e-30,3.4290627167160028e-29,7.4955845688793763e-28,1.4542693884244395e-26,2.5276147608232783e-25,3.9655522066899429e-24,5.6516267987308802e-23,7.355953826979306e-22,8.7836146468562309e-21,9.6597857717523862e-20,9.8170102797929575e-19,9.2463353000725536e-18,8.0915590752206763e-17,6.5934945856931559e-16,5.012355135710556e-15,3.5605746541873527e-14,2.3667841352779553e-13,1.4739187917978454e-12,8.6078705088796574e-12,4.7181985056579638e-11,2.4287901355351876e-10,1.1747309221462663e-9,5.3401102517164514e-9,2.2818206142161549e-8,9.1646097165395786e-8,3.4590121067389341e-7,1.2263607741707573e-6,4.0817487573663757e-6,0.000012743017408806856,0.000037275443144009413,0.00010202324667182808,0.00026082947829177205,0.00062155286578202361,0.0013770122741757509,0.0028271925937821827,0.0053583808693388238,0.0093299102344002453,0.014835150352393247,0.021382791882910722,0.027686988131151164,0.031872230292639123,0.032307622653028786,0.028840949846784362,0.023568923950273105,0.020075313523859544,0.020977328394025761,0.025430727896510936,0.029261308933941396,0.028643362206281131,0.024294059541799988,0.021231332973690379,0.023159062439736823,0.027582294542268544,0.028571883334460402,0.024791190595278951,0.021821787966597835,0.02420531730026329,0.028224519702102956,0.027401354832154074,0.023188607590031885,0.022934496268276338,0.027182205968165635,0.028309399394627123,0.024311697616356914,0.022914003864023708,0.026994837769920193,0.02862398487736139,0.024635233109802879,0.023392092536623426,0.027740443851522819,0.028672997038907723,0.024340020290852218,0.024453509129478031,0.029120145486803712,0.028156423986579375,0.023956912549018838,0.026535552176390495,0.030400831468266412,0.026816060891148189,0.024554661761063163,0.029606362456173103,0.030439329895280481,0.025362317164917,0.027264551656221028,0.032403618655450444,0.028761626823634166,0.025726321229394587,0.031839987984417712,0.033153704945963967,0.026906964407265429,0.029381849176417358,0.036335175442371809,0.031940016754225149,0.027300123279290312,0.035586515715473709,0.040212887184302932,0.031312591772754818,0.02929217128554749,0.043156458457860988,0.05127775495245827,0.03904991191591513,0.018513021785430119,0.005151219856306243,0.00068935357316520136
9.8131444859533043e-42,1.7765405458265152e-39,1.7356974627192053e-37,1.1527176492441888e-35,5.7580291763540561e-34,2.2909605414959178e-32,7.5334291306305097e-31,2.1008105280704784e-29,5.0633295066111968e-28,1.0701491788456189e-26,2.0062236466562745e-25,3.3670253160284508e-24,5.0972084166854958e-23,7.0044415137930361e-22,8.7836146468562309e-21,1.0096907292964917e-19,1.0680517963071741e-18,1.0430943163434809e-17,9.4324067017529281e-17,7.9169897390534125e-16,6.181022372260422e-15,4.4969503944684372e-14,3.0536069827660049e-13,1.9378537633810252e-12,1.1505927242039126e-11,6.3974339744643668e-11,3.3333421480253952e-10,1.6284286829732461e-9,7.4613476330634249e-9,3.2069368442755266e-8,1.2929194360840882e-7,4.8883114522104629e-7,1.7324508190010089e-6,5.7515946888701418e-6,0.000017870789983098773,0.000051904928488809687,0.00014070982422954949,0.00035536066315372728,0.00083411627822970215,0.0018144408697906669,0.0036447934134927168,0.0067314235655539572,0.011367756857477993,0.017435276470975248,0.02408365151418062,0.029660045548592005,0.032213699230138475,0.03063725458727342,0.025875628761455716,0.021059018963969703,0.019723371804046346,0.02288695112142842,0.027581088603098872,0.029126695633002417,0.025913985308291701,0.021665698728876569,0.021539808261432096,0.025651208498724863,0.028424670198529479,0.025973739932069917,0.021973700628221608,0.022594589062290989,0.026855504160902753,0.027767436901228481,0.023845510790391892,0.022035996567364241,0.025668128205203493,0.028097524793761517,0.024803594036776098,0.022280762054393107,0.025662797333617453,0.028238394014651231,0.024807843466083613,0.02272725256448714,0.026654778417597504,0.028247267651662024,0.024138275319085801,0.023754264909821503,0.028274681360628239,0.027532959720198709,0.023458685636910139,0.026013750426270655,0.02950918565831752,0.025780443208539247,0.024225358634899152,0.029209976207859887,0.028830406385780633,0.024341089107783228,0.027628730516381411,0.031084758045451345,0.026314733655661988,0.026086542672919586,0.031976287967791223,0.029484513539002668,0.02555695667511345,0.03155147420974177,0.033153704945963967,0.026767640009055792,0.030080011521479481,0.036578469173250482,0.03066452643686781,0.028177803982532331,0.038203499072962524,0.038778973088329215,0.028883331875944237,0.033771252048879693,0.049561499211822162,0.04852122725086896,0.028332405337114176,0.0093634500544107328,0.0014504693993426013
