7.4184123013748428e-68,2.0397261544465064e-65,3.0444373428001503e-63,3.1074999268769889e-61,2.4005814055940025e-59,1.4866135689044808e-57,7.6591956703354571e-56,3.369399477435036e-54,1.2901499262342315e-52,4.3636830040615333e-51,1.3190722578764828e-49,3.5975479992236356e-48,8.9222816867526461e-47,2.0255438782156624e-45,4.2329586780608122e-44,8.1824801069425971e-43,1.4692389205288852e-41,2.4596282205547729e-40,3.8515194350407603e-39,5.6576890318871998e-38,7.8165602427723656e-37,1.018058740336618e-35,1.2526297882459884e-34,1.4587863306099539e-33,1.6107598575069699e-32,1.6889816430686962e-31,1.6842254515002689e-30,1.5993021867866368e-29,1.447914309976335e-28,1.2511866608046151e-27,1.0330351456915667e-26,8.157068861580248e-26,6.165382530113787e-25,4.4642123279203377e-24,3.098947373388474e-23,2.0638084524862326e-22,1.3194385623195462e-21,8.1027314506243109e-21,4.7822760823157767e-20,2.7140574982128945e-19,1.4817942020457654e-18,7.7862513763339313e-18,3.9392428952881248e-17,1.9195469429902288e-16,9.0121953294606082e-16,4.077928788912471e-15,1.7788723627981392e-14,7.4826098132403571e-14,3.03570939168579e-13,1.1880935927047944e-12,4.4864037466649422e-12,1.6348080223047518e-11,5.7492231651900579e-11,1.951501584450937e-10,6.3941014204819921e-10,2.0223898120561641e-9,6.1750323381619681e-9,1.8201508308505477e-8,5.1792221505904136e-8,1.4226446550647331e-7,3.772065318681197e-7,9.6533778909073288e-7,2.3842588935313635e-6,5.6826148230056577e-6,0.000013067733522097792,0.000028989163528417778,0.000062025444059745644,0.00012796972640611943,0.00025453101495757927,0.00048792307802602577,0.00090117242145186099,0.001603120110646912,0.0027457945721144072,0.0045262830041038915,0.0071779398446474825,0.010945588697918825,0.01604129263446008,0.022581983463211442,0.030517532007112999,0.039566037615347793,0.049179063463546561,0.058559433211923309,0.066745246707624195,0.07275617526750026,0.075776252695255894,0.075329191255524121,0.071396267685695373,0.064438099339733838,0.055308400610983556,0.045081099186113544,0.034839190557405161,0.025483593402800905,0.01760945922162626,0.011471281111023745,0.0070282540637034287,0.0040394974230521293,0.0021716648497337174,0.0010884985256820216,0.00050679162040240731,0.00021825769351394316,0.00008652594389577031,0.000031399267871670733,0.000010361533149379027,3.0849713688527412e-6,8.2088181525331546e-7,1.929458610040226e-7,3.9473772753788435e-8,6.8955049388570257e-9,1.0021366114356272e-9,1.1675194582238126e-10,1.0294435812171045e-11,6.2074021720016017e-13,2.0318493087307593e-14
2.0397261544465064e-65,5.4759752243828539e-63,7.9781136663195809e-61,7.9465694041554494e-59,5.9886510241300215e-57,3.6167628433664834e-55,1.8166715914313287e-53,7.7888886455093109e-52,2.9056790165688718e-50,9.5718531403875098e-49,2.8170446832540345e-47,7.4775076825828332e-46,1.804221376817605e-44,3.9833933241020815e-43,8.0924971278856604e-42,1.5201097653541889e-40,2.6512658358341149e-39,4.3093847227765362e-38,6.5489457099140848e-37,9.3319976236864936e-36,1.2500983142655338e-34,1.5779186992277785e-33,1.8806220599080467e-32,2.1203825768810287e-31,2.2655128671442423e-30,2.297394800639438e-29,2.2143161149083052e-28,2.0311587514732634e-27,1.7752784484517058e-26,1.4800724131949312e-25,1.1782304801695776e-24,8.9641724482881645e-24,6.5236794405654641e-23,4.544832418905641e-22,3.0331876388654061e-21,1.9405508826622e-20,1.1908582109752213e-19,7.0137051504727681e-19,3.9665247744583699e-18,2.1550218059756787e-17,1.1252719357795476e-16,5.6493165439175534e-16,2.727839455325086e-15,1.2672500659222391e-14,5.6656201920936517e-14,2.4382630261665201e-13,1.0103077638205615e-12,4.0312988715351932e-12,1.5492406097813329e-11,5.7349036917290474e-11,2.0450505482742907e-10,7.0254855483767753e-10,2.3251611412654661e-9,7.4136198748647979e-9,2.2771415493939091e-8,6.7375103404640287e-8,1.9200413812829235e-7,5.2693803579786356e-7,1.3924050827029226e-6,3.5418497976740147e-6,8.6703251624429865e-6,0.000020419392044564309,0.000046247817379805843,0.00010069191527724584,0.00021063916461393561,0.00042313604123736196,0.00081571304236507384,0.0015079653203627095,0.0026710117872235381,0.0045286747672385036,0.0073416725964618649,0.011365571376743552,0.016777081959350871,0.023573486809362396,0.03146632932849813,0.039808721217512816,0.047606759680760581,0.053658188143470536,0.056827489704973385,0.056408912722338188,0.052466340533674744,0.046003377488117067,0.038840018452849516,0.033164660276451457,0.030866703453876589,0.032876354377928079,0.038776746786018211,0.046871820295780039,0.054714080637906763,0.059899458777160439,0.060820277287733293,0.057092686810041626,0.049528120954071409,0.039718055029311933,0.029446862857418922,0.020176340520673968,0.012763602214043754,0.0074426020230453262,0.0039911062459162892,0.0019622626163431244,0.00088113708328859922,0.0003596476724482051,0.00013264955167011029,0.000043892375519426529,0.000012913361810006267,3.3402696049664779e-6,7.4883359777484477e-7,1.4278144989425954e-7,2.2568202946215237e-8,2.8500677076372679e-9,2.7156843441586326e-10,1.7645482441155128e-11,6.2074021720016017e-13
3.0444373428001503e-63,7.9781136663195809e-61,1.1342624871457849e-58,1.1021366592655316e-56,8.1001238541877351e-55,4.7692552411155457e-53,2.3347061239663104e-51,9.7523704106309917e-50,3.5433247141737752e-48,1.1364062949569078e-46,3.254970537720223e-45,8.405488199737769e-44,1.9723368064965585e-42,4.2330876915438776e-41,8.3564550792361411e-40,1.5246401208749104e-38,2.5817280156412585e-37,4.0723353780433933e-36,6.0030364726364359e-35,8.2935322983084645e-34,1.0766185721305367e-32,1.316241764415841e-31,1.5186554936372271e-30,1.656702112958964e-29,1.7116973653574666e-28,1.6775509984651706e-27,1.5617083371654853e-26,1.3827880922483108e-25,1.1658726413096613e-24,9.3702567381282274e-24,7.1859257275469859e-23,5.2630202668357526e-22,3.6843928370623548e-21,2.4671906351580003e-20,1.5814111155713109e-19,9.7088013525740635e-19,5.712344334172746e-18,3.2226821437210417e-17,1.7441337193117261e-16,9.0591145911471694e-16,4.5175229227398968e-15,2.1635646368264822e-14,9.9545694348585374e-14,4.4011769920724801e-13,1.8702619100957262e-12,7.6401145324017389e-12,3.0006891915511422e-11,1.1332063612433245e-10,4.1151925022364664e-10,1.4370561136539961e-9,4.8256023668427131e-9,1.5581074745554946e-8,4.8368932684449376e-8,1.4434254232027419e-7,4.1399561393045338e-7,1.1409413282775795e-6,3.020409534647572e-6,7.6779645976810825e-6,0.000018733478606690125,0.000043849587275813358,0.000098408975114788583,0.00021160866786754741,0.00043563586303718206,0.00085785651943379816,0.0016141912908298137,0.0028988221075922517,0.0049614268378512932,0.0080798142420525058,0.012496150100513755,0.018312865949461555,0.025362601810963392,0.033093258499051455,0.040534440032984798,0.046417046524471478,0.049483735657153248,0.048947042050722354,0.044944929208947718,0.038764544015491253,0.032623077630337988,0.028951059612061579,0.029383575858641852,0.03390371022909321,0.040633687896258892,0.046531122601499715,0.048784629922783028,0.046255967821709587,0.040180580484030732,0.033664442727058592,0.03016488537207715,0.031738621093861001,0.037998115688768189,0.046318751602842121,0.053128397353966739,0.055534965069156481,0.052446933679427866,0.044726980974644101,0.034493960836914354,0.024086360732875752,0.015232971070885636,0.0087181789781422107,0.0045062971060841407,0.0020967543361693091,0.00087417051754037454,0.0003245430865594985,0.00010642914720422045,0.000030506924502807704,7.5391092836928862e-6,1.5771464375804591e-6,2.7233541109711957e-7,3.7426402193153335e-8,3.8669855029051407e-9,2.7156843441586326e-10,1.0294435812171045e-11
3.1074999268769889e-61,7.9465694041554494e-59,1.1021366592655316e-56,1.0443916336666707e-54,7.4831724595366927e-53,4.2940514375370034e-51,2.0479722979003279e-49,8.3315505754829363e-48,2.9470998878453442e-46,9.1986888632376377e-45,2.563205280355776e-43,6.4368624186824096e-42,1.4682274419449363e-40,3.0619026827570362e-39,5.8707499616633029e-38,1.0398869772508377e-36,1.7087582105965611e-35,2.6143448770333626e-34,3.7362073136605327e-33,5.0017827762982384e-32,6.2885425510253323e-31,7.4421210188482762e-30,8.3072152423187188e-29,8.762533564675452e-28,8.74876055191651e-27,8.2806716588167256e-26,7.4402294824153577e-25,6.3541082854995003e-24,5.163780876413346e-23,3.9974174976232289e-22,2.9505532520164167e-21,2.0783414410045254e-20,1.3981813564784383e-19,8.989921637704875e-19,5.52812460860569e-18,3.2530142177692154e-17,1.8327852899132747e-16,9.8914944837462796e-16,5.1158901233939102e-15,2.5365988043447219e-14,1.2061317338896191e-13,5.5013667002109694e-13,2.4075741521511862e-12,1.0111193578185989e-11,4.0756748190934606e-11,1.5769278603151191e-10,5.8567965023948119e-10,2.0880688772696511e-9,7.1457071597956951e-9,2.3470308234730738e-8,7.3977579313765576e-8,2.2371725360438458e-7,6.4893506017842482e-7,1.8049357510527393e-6,4.8117917861352486e-6,0.000012289343297618589,0.000030052603567324142,0.000070320168187713369,0.0001573211787629413,0.0003362129547441888,0.00068566003323051425,0.0013327341413443359,0.0024654956118044405,0.0043338360923108477,0.007224446390171466,0.011394768609718727,0.01695888335563478,0.023740071627186253,0.031139052066492409,0.038100878898923616,0.043271494437262859,0.045387466283916417,0.043828286338372487,0.039113159889222881,0.033030249528843697,0.028152925874151855,0.026774172617808715,0.029686523103596921,0.035510335299777768,0.04115786905703107,0.043432840047947214,0.04097477590252371,0.035309950262177706,0.03012676920767897,0.029000414021311921,0.032961311868230828,0.039621980478738381,0.044637842593385046,0.044631468658906121,0.039568636683417649,0.032877695204178557,0.029198204171017029,0.031336303552965121,0.038505975126003141,0.046918990437180486,0.052113255089192025,0.0513614089735865,0.044731904264953905,0.034492999123195452,0.023604634808974201,0.014351057336204552,0.0077465956274595282,0.0037033283791409482,0.0015609189300999443,0.00057618322571907017,0.00018452627090270256,0.000050618169230726825,0.000011686429147100251,2.2156924374891636e-6,3.3279976758924781e-7,3.7426402193153335e-8,2.8500677076372679e-9,1.1675194582238126e-10
2.4005814055940025e-59,5.9886510241300215e-57,8.1001238541877351e-55,7.4831724595366927e-53,5.2255235804615178e-51,2.9213569074622277e-49,1.356945308572263e-47,5.3743795027834179e-46,1.8501225920252563e-44,5.6178359900821168e-43,1.5222763602649146e-41,3.716000934832441e-40,8.2357969421134469e-39,1.6681231709563133e-37,3.1050080391823903e-36,5.3369070458475671e-35,8.505778714027133e-34,1.261581405161046e-32,1.746965360769194e-31,2.2649245195942315e-30,2.7562678542661752e-29,3.1555091878012453e-28,3.4054907648365126e-27,3.4709361455695865e-26,3.3464762134618406e-25,3.05669802148181e-24,2.6486820047438989e-23,2.1799875670919845e-22,1.7061234715792476e-21,1.2709835201743937e-20,9.0207466292608398e-20,6.1049322887487417e-19,3.9426040524489847e-18,2.4313385362025048e-17,1.432628548553487e-16,8.0702183378071092e-16,4.3482173442454899e-15,2.2417986012306804e-14,1.1063735375830821e-13,5.22833415904969e-13,2.3664342384159845e-12,1.0260895163833655e-11,4.2628795189547157e-11,1.6970405647810182e-10,6.4740179071908201e-10,2.3667125465561343e-9,8.2904869366882907e-9,2.7824344114465218e-8,8.9454214989289617e-8,2.7542267834452842e-7,8.1186334157361945e-7,2.2902267871524098e-6,6.179847214848065e-6,0.000015941582591248418,0.000039286633031572605,0.000092421183878328074,0.00020735102664507732,0.00044317480572268286,0.00090120684919944203,0.001741030312546597,0.003189772736999388,0.0055308010415276292,0.0090537765083988232,0.013951563718917179,0.020167964574571389,0.027236604803048413,0.034196197709712122,0.039693367089085227,0.042351283736618438,0.041362942406922784,0.037085321478828509,0.031264789519352069,0.026563349681445346,0.025374786796952037,0.028429655788048414,0.034067790364715685,0.038910867230876605,0.039860236097230185,0.036280694754626332,0.030741707025221462,0.027427959554990486,0.02905675988705646,0.034586682322942959,0.039763366214556041,0.040423191088157933,0.036025509847617125,0.030342824005288272,0.028439098661762817,0.032329697666581866,0.039092437181310192,0.043216746930555632,0.041260886288178128,0.034811049343467647,0.029231847186408348,0.02936423944338125,0.035805746570064205,0.044620326090186563,0.050293396482803109,0.049319372335878331,0.041854759104355949,0.030825839614943043,0.019760697962249641,0.011035666771421103,0.0053601568204172248,0.002254214923407451,0.0008145986440699668,0.00025007128311388416,0.00006415331474618301,0.000013431632802240571,2.2156924374891636e-6,2.7233541109711957e-7,2.2568202946215237e-8,1.0021366114356272e-9
1.4866135689044808e-57,3.6167628433664834e-55,4.7692552411155457e-53,4.2940514375370034e-51,2.9213569074622277e-49,1.5905940284572865e-47,7.1928215710347163e-46,2.7724599481342012e-44,9.2847573681444633e-43,2.741576664227276e-41,7.2211967291702721e-40,1.7127481117739678e-38,3.6866963419916526e-37,7.249032607872198e-36,1.3092869066411235e-34,2.1826060319380955e-33,3.3720968570176885e-32,4.8459724210212056e-31,6.4983267141586952e-30,8.1542964670647417e-29,9.5989829926962791e-28,1.0624070431579868e-26,1.1077867405128702e-25,1.0901980298791767e-24,1.0142515006879185e-23,8.9333691524492506e-23,7.4591823920167507e-22,5.9114676114248534e-21,4.4514290555921728e-20,3.1880866008384886e-19,2.1735621480372213e-18,1.4117950103453041e-17,8.7425766629303442e-17,5.1647898072077952e-16,2.9124395389921525e-15,1.5684403719904203e-14,8.0699916315223051e-14,3.968548422530017e-13,1.8658490727596282e-12,8.3890718400188725e-12,3.6076477990730762e-11,1.4840936205517567e-10,5.8405421789733515e-10,2.1988751215508801e-9,7.9191135791061772e-9,2.727880320088915e-8,8.9858759587666803e-8,2.8298474869134292e-7,8.516855556778402e-7,2.4485962919556121e-6,6.7211373871658097e-6,0.000017602538603163997,0.000043952278902540825,0.00010453644000472799,0.00023657663291849246,0.00050880462224154232,0.0010384076937263414,0.0020075775949326958,0.0036692633192191226,0.006324667109190422,0.01025175341551213,0.015572712138115438,0.022077124543057978,0.029066407537499979,0.03533472367575418,0.039409553139573313,0.040092287558670162,0.037152228655986715,0.031809553866821643,0.026562610837518247,0.024149019627220357,0.025988284871117167,0.031036908600540857,0.036071167630848518,0.037642411682672441,0.034619674897197562,0.02936064796576421,0.026181833839069906,0.027900264230556498,0.033214190476705658,0.037515129799644105,0.036909956433071529,0.031999305454891722,0.027619628502968688,0.028318237186305113,0.033735323841993158,0.03867854112181368,0.038225449105590185,0.032865200548716087,0.028247763040312262,0.029510091490490784,0.035918838749001577,0.041433276862639661,0.040698715373701032,0.034388852180662982,0.028614777557940779,0.029214051071514765,0.036566010263376703,0.045489911802495354,0.049621446512772385,0.045960246839331912,0.036097364016219255,0.024137156387830459,0.013773216019257364,0.0067002844096893696,0.0027653579837422205,0.00095936273174331525,0.00027566135504343919,0.00006415331474618301,0.000011686429147100251,1.5771464375804591e-6,1.4278144989425954e-7,6.8955049388570257e-9
7.6591956703354571e-56,1.8166715914313287e-53,2.3347061239663104e-51,2.0479722979003279e-49,1.356945308572263e-47,7.1928215710347163e-46,3.1654698708415926e-44,1.1869572876101479e-42,3.8654337194346036e-41,1.1094497465529224e-39,2.8393060261533719e-38,6.5403768986012122e-37,1.3666500611825579e-35,2.6074067066307584e-34,4.5673442420313118e-33,7.3805527681810474e-32,1.1047785690487021e-30,1.5374006865270359e-29,1.995260818222792e-28,2.4217484643232199e-27,2.7558489384037393e-26,2.9467434573018184e-25,2.9665524172721471e-24,2.8168135878544933e-23,2.5267135640954379e-22,2.1442318070857182e-21,1.7237294741406912e-20,1.3141832683817736e-19,9.512378914642936e-19,6.54303356971578e-18,4.2804904852625538e-17,2.6653862079715158e-16,1.5807735946135839e-15,8.934655487304878e-15,4.8151188522112051e-14,2.4754141781347606e-13,1.2143956793804665e-12,5.6868766070512945e-12,2.5426631530312112e-11,1.0856154383229609e-10,4.4266628419736459e-10,1.7238564737368253e-9,6.4110621444075473e-9,2.2767266101316278e-8,7.718940732108749e-8,2.4977462297037223e-7,7.7111959391815407e-7,2.2702554906087979e-6,6.37026411084382e-6,0.000017024250788163344,0.000043295818347370642,0.00010468002700235465,0.00024033490308714484,0.00052325074728797802,0.001078551417781168,0.0021007775994450029,0.0038578325982047076,0.0066612893310610432,0.010780062226180192,0.016287150195062244,0.022866479496864838,0.029665853863558954,0.035334169113487453,0.038370585765887082,0.037784773180993375,0.033825923329406834,0.028308816988726689,0.024075134322642219,0.023554115198622627,0.027116472249439855,0.032437483590901001,0.035754606138129956,0.034572111111398208,0.029869202196982095,0.025682373441148409,0.025828885842823788,0.030322430201975986,0.03499550823015601,0.035297404233243708,0.030959359258735726,0.026619354868977502,0.0271441578278985,0.032231452557341341,0.036404886164094246,0.035007207754038833,0.029711273507983952,0.02690426445803709,0.030291145817329244,0.036277755861436304,0.03797009136773415,0.033404863385557177,0.028152612538215306,0.028891625175430537,0.035450462009727969,0.040797921012791108,0.039025567275962231,0.032051146616521018,0.027590063851665017,0.031058111269309632,0.040275015762686061,0.047833257011058157,0.047702210601924654,0.0394270794119732,0.027105832728074847,0.015553404222268005,0.0074431898610680064,0.0029529348926937449,0.00095936273174331525,0.00025007128311388416,0.000050618169230726825,7.5391092836928862e-6,7.4883359777484477e-7,3.9473772753788435e-8
3.369399477435036e-54,7.7888886455093109e-52,9.7523704106309917e-50,8.3315505754829363e-48,5.3743795027834179e-46,2.7724599481342012e-44,1.1869572876101479e-42,4.3280146030545877e-41,1.3700267306017075e-39,3.820590526339679e-38,9.4958993802395091e-37,2.1233937781276048e-35,4.3051203474223195e-34,7.965746476531291e-33,1.3525506051278004e-31,2.1175102478000346e-30,3.0692023463801535e-29,4.1334183614374065e-28,5.1885192147277192e-27,6.0874339178933134e-26,6.6919411422790061e-25,6.9079613531218788e-24,6.7093210007709101e-23,6.1418573184516261e-22,5.3075733079874585e-21,4.3359048056042117e-20,3.3527422317950174e-19,2.4566848039847936e-18,1.7075275165961355e-17,1.126801348377148e-16,7.0653964114390859e-16,4.2125212927602875e-15,2.3896378843076788e-14,1.2904393243076319e-13,6.6367323818500009e-13,3.2519488397156787e-12,1.5185662727759611e-11,6.7595735974936951e-11,2.8685480967516294e-10,1.1606214684795879e-9,4.477121144883075e-9,1.6464390043951821e-8,5.7710216614637222e-8,1.9275356381823136e-7,6.1324634923311114e-7,1.8575678166612678e-6,5.3539627962789692e-6,0.000014672851791318357,0.000038202017286910339,0.000094393530633932865,0.00022108033018242722,0.00049009423864941641,0.0010265596072710688,0.0020275798611053971,0.0037670920291051034,0.0065645877867759574,0.01069216095273356,0.016208787828935289,0.022753734335122842,0.029398501915785365,0.034713591681491526,0.037185117088111014,0.035953952336994286,0.031565286510174801,0.026177366936796191,0.022762882519201297,0.023417418402268872,0.027739281959199107,0.032667530507534529,0.034448873666681184,0.031655547045985485,0.026742918880103323,0.024253328170254147,0.026667710082795342,0.0317020969412634,0.034239485602466396,0.031611733433203539,0.026785297811998175,0.025394918122660441,0.029283227553392819,0.033996480727674126,0.033874739890246885,0.029134291583478442,0.025960667933223437,0.028770070652098886,0.034237840537247352,0.035332452417387443,0.030670103942742232,0.026712676256417269,0.029265641244330537,0.035416682418910366,0.03715464611455242,0.032211544961730073,0.027431033513743661,0.029806527601388533,0.037077617303528568,0.040428991001356129,0.035707530013140132,0.028706611494222207,0.028280418856283639,0.036243785846276497,0.045675767590906254,0.048178226480539922,0.041184416795393256,0.028582479210387751,0.016167233969910596,0.0074431898610680064,0.0027653579837422205,0.0008145986440699668,0.00018452627090270256,0.000030506924502807704,3.3402696049664779e-6,1.929458610040226e-7
1.2901499262342315e-52,2.9056790165688718e-50,3.5433247141737752e-48,2.9470998878453442e-46,1.8501225920252563e-44,9.2847573681444633e-43,3.8654337194346036e-41,1.3700267306017075e-39,4.2136665704867525e-38,1.1411955084611077e-36,2.7533754424336877e-35,5.9738506560297531e-34,1.1746036818051779e-32,2.1066635845247329e-31,3.4654332296554511e-30,5.2532650331581135e-29,7.3685988358533949e-28,9.5977850242617782e-27,1.1645128861823024e-25,1.3197783330066282e-24,1.400555786186412e-23,1.3947096660814493e-22,1.3058392601359502e-21,1.1515067355758232e-20,9.5781705066123297e-20,7.5254957757050466e-19,5.5918701616217612e-18,3.9338980287689665e-17,2.6227352785558966e-16,1.6585293887211083e-15,9.9553230661298328e-15,5.6758903090618838e-14,3.0753964363883462e-13,1.5843804348455991e-12,7.7637909107423235e-12,3.6196925568948234e-11,1.6059929328645808e-10,6.7817733070570519e-10,2.7257540035211964e-9,1.04268054962524e-8,3.7955473741682843e-8,1.3144711042878897e-7,4.3294313205771342e-7,1.3555469653594186e-6,4.0322661347573485e-6,0.000011387333221409501,0.000030503749628156698,0.00007742590925393588,0.00018598432207147575,0.00042215779461091035,0.00090387959390833951,0.0018216514534936878,0.0034470045217809372,0.0061055389768998042,0.010086131909671551,0.01547112621003733,0.021917268369573791,0.028491672973262806,0.033733401645819697,0.036092302271865398,0.03471752076068961,0.030247558222597783,0.024988510946904053,0.021983208291911618,0.023161193528931306,0.027715242278055722,0.032225463647726954,0.033060781959735446,0.029531830622616045,0.02491389557039112,0.023727814180964786,0.027261569401699344,0.031870638992495459,0.032552560036873551,0.028578001955194659,0.024713653533758982,0.025808173595798801,0.030677589300997775,0.033210078330146821,0.030149692054230882,0.025709317006152134,0.026200522791489802,0.031239671563044997,0.033901045223712161,0.030454298795977156,0.026071117513924568,0.027567584190565703,0.033171342801990276,0.034773263543238447,0.030069389772863092,0.02642070012786758,0.029935244286993844,0.035941278932139045,0.035700586734725855,0.029671517924701776,0.027220494927256422,0.0328766993824521,0.039438485646256407,0.038025041780693291,0.030533883129810414,0.027269402396856516,0.033734385981974759,0.044113435499028302,0.048210334575301718,0.041724225980955123,0.028582479210387751,0.015553404222268005,0.0067002844096893696,0.002254214923407451,0.00057618322571907017,0.00010642914720422045,0.000012913361810006267,8.2088181525331546e-7
4.3636830040615333e-51,9.5718531403875098e-49,1.1364062949569078e-46,9.1986888632376377e-45,5.6178359900821168e-43,2.741576664227276e-41,1.1094497465529224e-39,3.820590526339679e-38,1.1411955084611077e-36,3.0002562325668201e-35,7.0235286263381227e-34,1.4778216487078467e-32,2.8165364184576263e-31,4.8938002532316432e-30,7.7946736387992683e-29,1.1434377066391169e-27,1.5511541553700179e-26,1.9528190336704835e-25,2.2886517032952516e-24,2.5037620088799506e-23,2.5630041911928798e-22,2.4602370601502104e-21,2.2187112748158774e-20,1.8830180318994686e-19,1.5062280951697477e-18,1.1370768283033828e-17,8.1108502153777658e-17,5.4723696506506109e-16,3.4955613985145528e-15,2.1156305655358289e-14,1.214073937923448e-13,6.6098020802375024e-13,3.4157171449153449e-12,1.6760826567684107e-11,7.8119184121369319e-11,3.4590460182601169e-10,1.4552505746641524e-9,5.8170991753320635e-9,2.2091414923699647e-8,7.9690173141969179e-8,2.729718681345947e-7,8.8752150891558437e-7,2.7374572163739708e-6,8.004246813694208e-6,0.000022167953042168363,0.000058091230550064661,0.00014385726301745331,0.00033615438994446192,0.00073986877960941027,0.0015305627893823838,0.002968354769979379,0.0053803500923917718,0.0090806659655789412,0.014206035803556858,0.020487386561686126,0.027056473038018759,0.03246676837608543,0.035106491394045749,0.034006819343389049,0.029701609643109319,0.024479443967246557,0.021455856000079608,0.022628182322897532,0.027145710909429211,0.031467125664566895,0.031964763748741959,0.028225936607808486,0.023872436509646738,0.023353729463602747,0.027286138469312326,0.031378652658444548,0.030960400737282026,0.026585044652990294,0.023770018487978347,0.026260578716985873,0.030915626358942863,0.031519211747376709,0.027301927405510961,0.024403250546730639,0.02727428459964074,0.031889349415592896,0.031407251896376228,0.026670097299259888,0.025306305685501826,0.029848912839678515,0.033331576240815235,0.03025673977112831,0.025830696478148072,0.027785720397999102,0.033427599721065169,0.033678308320201935,0.028261101665334948,0.026632149524999108,0.032287550879269366,0.036490221613115796,0.032517672885710158,0.027104939055257657,0.029859586945244659,0.037635349349770254,0.039063801729684921,0.032010603684083289,0.027055846723536732,0.032574653967590677,0.043557700345264276,0.048210334575301718,0.041184416795393256,0.027105832728074847,0.013773216019257364,0.0053601568204172248,0.0015609189300999443,0.0003245430865594985,0.000043892375519426529,3.0849713688527412e-6
1.3190722578764828e-49,2.8170446832540345e-47,3.254970537720223e-45,2.563205280355776e-43,1.5222763602649146e-41,7.2211967291702721e-40,2.8393060261533719e-38,9.4958993802395091e-37,2.7533754424336877e-35,7.0235286263381227e-34,1.5945149921944979e-32,3.2519845475234342e-31,6.0043208413184622e-30,1.0101297063195199e-28,1.556906284312319e-27,2.2087792038641852e-26,2.8960191218446277e-25,3.52156471160628e-24,3.9837268025361972e-23,4.2037381774879903e-22,4.1477072532565162e-21,3.8346096214213961e-20,3.328009082481627e-19,2.7159107537504504e-18,2.0871290673473082e-17,1.5123322907373018e-16,1.0344356437512862e-15,6.6857606457356648e-15,4.0866282196975701e-14,2.3641172851272562e-13,1.2951938258688614e-12,6.7233616502233665e-12,3.3082749329897639e-11,1.543518519292944e-10,6.8297293656215053e-10,2.866269691674882e-9,1.1408965968235011e-8,4.3066199562641183e-8,1.5412827219252991e-7,5.2278577924307585e-7,1.6797412253877066e-6,5.1092262209545913e-6,0.000014699655112845812,0.000039963391537992365,0.00010253957677807446,0.0002479460690543533,0.00056401972848052941,0.001204439150209335,0.0024083856781327489,0.004495602817418231,0.0078047592150307616,0.012545263530661396,0.018567583127796068,0.025134894802525962,0.030873752360420113,0.034111468208981914,0.033662543809941883,0.029771917579814351,0.024539083234424336,0.021138150637804913,0.021853804612467475,0.026137482455082208,0.030525097869847902,0.031217000052098753,0.027607284188308493,0.023310209686862355,0.022859994035060019,0.026797058013570063,0.030640014475233029,0.029824436914876142,0.025422741504737509,0.023211142964072963,0.026262875995129767,0.030484507499432174,0.029965698370982917,0.025537908264551525,0.023955520661919878,0.027844499748789285,0.031313244984545038,0.028940855973604598,0.024701973173097036,0.025851517667951846,0.030780862371426756,0.031313252276080691,0.026657420367390547,0.025203576625119889,0.029969257946105769,0.032851553284439361,0.028853976736413225,0.025457004919230946,0.02941159559779245,0.034123330169452742,0.031270958758599938,0.026302331513490104,0.028982019513175091,0.035387054873242132,0.034461262727514668,0.028036127570539863,0.028187854016462857,0.036080398741842601,0.039381882559711694,0.032780285122460356,0.027047727914952647,0.032574653967590677,0.044113435499028302,0.048178226480539922,0.0394270794119732,0.024137156387830459,0.011035666771421103,0.0037033283791409482,0.00087417051754037454,0.00013264955167011029,0.000010361533149379027
3.5975479992236356e-48,7.4775076825828332e-46,8.405488199737769e-44,6.4368624186824096e-42,3.716000934832441e-40,1.7127481117739678e-38,6.5403768986012122e-37,2.1233937781276048e-35,5.9738506560297531e-34,1.4778216487078467e-32,3.2519845475234342e-31,6.4252311084650391e-30,1.1486377069510013e-28,1.8699261082006994e-27,2.7872587756743587e-26,3.8217614986099807e-25,4.8397949477261179e-24,5.6804324343588512e-23,6.1979590307767899e-22,6.3035891980640939e-21,5.9898856891305973e-20,5.3289207121994198e-19,4.4467519617081127e-18,3.4860104649965435e-17,2.5710596615970442e-16,1.7862133725742923e-15,1.170208812140023e-14,7.2361881092631079e-14,4.2268922283804787e-13,2.3339409850418542e-12,1.218863648867817e-11,6.0228846917477527e-11,2.8169244442717908e-10,1.2472510760671661e-9,5.2284958261168155e-9,2.0750479398415541e-8,7.7954002870600725e-8,2.7712850893410766e-7,9.3189966691848115e-7,2.9624338294158982e-6,8.895960514529598e-6,0.000025211150917150673,0.000067351220922222664,0.00016937150519296626,0.00040025740637431932,0.00088706083692377435,0.0018391223883689081,0.0035564419614425746,0.0063914100613352456,0.010627632337825746,0.016262561900159854,0.022750239184439002,0.028865319950483827,0.032918445569384672,0.033462564286382397,0.030298598090942117,0.025139386168103416,0.021127384532356099,0.020977499686960868,0.024770672096772813,0.029371379932795695,0.030706417309501077,0.027543357680424087,0.023131267936640607,0.022236283199931227,0.025895843524556093,0.029806088862932584,0.029170571329952628,0.024862829722517318,0.022716009882947075,0.025793561828188802,0.029788725288339485,0.02889123351984875,0.024536356238098061,0.023619110799238629,0.027774152677871526,0.030383820362919941,0.027204395020262749,0.023763495260812033,0.026249276544553544,0.030552860483585692,0.029147408499991103,0.024722810508600978,0.025708539846434364,0.030662443087449269,0.030518226272619015,0.025715475568596737,0.025835972573278112,0.031198616087131683,0.031739715247294772,0.026597785502360085,0.026346604712824042,0.032251065482613038,0.033187725548559992,0.027535003315318948,0.027017719383137678,0.03374426841416248,0.035389342979460817,0.029007889946417124,0.027448030559475054,0.035235796967762248,0.039434040063140849,0.032780285122460356,0.027055846723536732,0.033734385981974759,0.045675767590906254,0.047702210601924654,0.036097364016219255,0.019760697962249641,0.0077465956274595282,0.0020967543361693091,0.0003596476724482051,0.000031399267871670733
8.9222816867526461e-47,1.804221376817605e-44,1.9723368064965585e-42,1.4682274419449363e-40,8.2357969421134469e-39,3.6866963419916526e-37,1.3666500611825579e-35,4.3051203474223195e-34,1.1746036818051779e-32,2.8165364184576263e-31,6.0043208413184622e-30,1.1486377069510013e-28,1.9870265556795198e-27,3.1283021275785522e-26,4.5066294974151555e-25,5.9682053068874714e-24,7.2948418355892892e-23,8.2578918955680446e-22,8.6838351777056061e-21,8.5052501708870889e-20,7.7767690029005881e-19,6.6516473193895023e-18,5.3315223809345366e-17,4.0109218149883519e-16,2.8359699882507138e-15,1.886859690265844e-14,1.1825053307388531e-13,6.986684278212464e-13,3.8945796741482768e-12,2.0494126842602509e-11,1.0185409229112174e-10,4.7824766819162165e-10,2.121984420580529e-9,8.8977494345303387e-9,3.5256822703705403e-8,1.3199207259082435e-7,4.6671058208422384e-7,1.5578584786989002e-6,4.9056883824644371e-6,0.000014561022891842984,0.000040694787102268441,0.00010694697572362757,0.00026386638400874085,0.00061001522218022532,0.0013183052834158803,0.0026556527067385186,0.0049693614677856317,0.0086013142050523661,0.013699609453562137,0.019950807441631246,0.026360250277156917,0.031312850406738403,0.033130090379089321,0.031072332290441005,0.026253202591887787,0.021586409969093974,0.020222757947908948,0.0231473192167006,0.027902670089133701,0.030218842136348755,0.027895687436791089,0.023371204952565855,0.021616801010455114,0.024664835451374059,0.028837383136850864,0.028882175646764738,0.024793350561602347,0.022247429870886264,0.024936487376073492,0.028976392023848661,0.028303978130661445,0.024043253480086212,0.023141341046802174,0.027226114742890648,0.0295405563464628,0.026189966787825075,0.023198093629758795,0.026145301576420429,0.029863570486527737,0.027580208956616232,0.023758340051360061,0.026011559053815039,0.030284200699624442,0.02836057841615437,0.024260813288984641,0.026632981177547182,0.031102249722083338,0.028749706205530219,0.024689227234261656,0.027929338713712846,0.032283347060311262,0.028884724149135841,0.025259596262513256,0.029883710428725133,0.033742632832492207,0.028990662795703401,0.026175121795274149,0.0324073835750031,0.035701885473886174,0.029563622487995037,0.027249726487421885,0.035235796967762248,0.039381882559711694,0.032010603684083289,0.027269402396856516,0.036243785846276497,0.047833257011058157,0.045960246839331912,0.030825839614943043,0.014351057336204552,0.0045062971060841407,0.00088113708328859922,0.00008652594389577031
2.0255438782156624e-45,3.9833933241020815e-43,4.2330876915438776e-41,3.0619026827570362e-39,1.6681231709563133e-37,7.249032607872198e-36,2.6074067066307584e-34,7.965746476531291e-33,2.1066635845247329e-31,4.8938002532316432e-30,1.0101297063195199e-28,1.8699261082006994e-27,3.1283021275785522e-26,4.7599454984676512e-25,6.6228729609278072e-24,8.4652578412351768e-23,9.9793319684094164e-22,1.0887218927077548e-20,1.102501507759564e-19,1.039000455905065e-18,9.1329737908228025e-18,7.5029257329768531e-17,5.7706433024892524e-16,4.1614928015474344e-15,2.8175662867951578e-14,1.7930325250460456e-13,1.0735109185459537e-12,6.0516707302498955e-12,3.214218810032315e-11,1.6092544209149306e-10,7.5976513115005873e-10,3.3832535316564e-9,1.4210972977762416e-8,5.6301181696510552e-8,2.103391122087735e-7,7.4074001531389394e-7,2.4576139074615495e-6,7.6760783671858352e-6,0.000022548937717784257,0.000062223059559821836,0.00016105384699665294,0.00039029969311246229,0.00088363923697015994,0.0018639620387807402,0.0036514551507115543,0.0066164822681255287,0.011035445423259536,0.016839478963611403,0.023335598189663557,0.029106280361292429,0.032354465651481837,0.031798839271203195,0.027771629698930585,0.022664922085928719,0.019883755675285165,0.021460063625785324,0.026035612977441723,0.029472014497471171,0.028459068808733862,0.024096719996181411,0.021235171485363134,0.023217022169963532,0.027597854666280719,0.028750822898334506,0.025173789714970327,0.021935169259476715,0.023794690941374434,0.028004683286331172,0.028080330380899919,0.0239702797463352,0.022536534970827466,0.026318618032946842,0.028870613447762888,0.025755555292948134,0.022737163648284077,0.025580632782047176,0.029107228715177383,0.026671237611465118,0.023177908296382002,0.025817835539640144,0.029543919709762484,0.026913117859238209,0.02356778118140627,0.026883777501327371,0.030197410590723522,0.026618540581261966,0.024172741492072721,0.028720515038499993,0.030708648189187343,0.025975537704719446,0.02552372789846508,0.031104338015277293,0.030660244786852282,0.025500070273592913,0.028052707531182967,0.033535926426368679,0.030044781029697496,0.025926852889394,0.031702081940522677,0.035761825689077636,0.029563622487995037,0.027448030559475054,0.036080398741842601,0.039063801729684921,0.030533883129810414,0.028280418856283639,0.040275015762686061,0.049621446512772385,0.041854759104355949,0.023604634808974201,0.0087181789781422107,0.0019622626163431244,0.00021825769351394316
4.2329586780608122e-44,8.0924971278856604e-42,8.3564550792361411e-40,5.8707499616633029e-38,3.1050080391823903e-36,1.3092869066411235e-34,4.5673442420313118e-33,1.3525506051278004e-31,3.4654332296554511e-30,7.7946736387992683e-29,1.556906284312319e-27,2.7872587756743587e-26,4.5066294974151555e-25,6.6228729609278072e-24,8.8938631167995248e-23,1.0963986520356505e-21,1.2456160315905881e-20,1.3086048690825692e-19,1.2750204275739141e-18,1.1550992285853277e-17,9.7517102587330328e-17,7.6867391877722743e-16,5.6667377150000115e-15,3.9127696505624985e-14,2.5335901232350747e-13,1.5400948802152232e-12,8.796276928835102e-12,4.7238840796890783e-11,2.386643026343332e-10,1.1348401848239832e-9,5.0797792079561416e-9,2.1406910461476852e-8,8.4923682625055105e-8,3.1707600832024084e-7,1.1137162730855943e-6,3.6778639121429585e-6,0.0000114095299567214,0.000033214556978411601,0.0000906143840271612,0.00023128936639253227,0.00055121795284006184,0.0012235567077779326,0.0025219888513484244,0.0048091707549822104,0.0084454883073632338,0.013581926824462129,0.019863614549595738,0.026195166443163208,0.030841149897376654,0.032099381313105137,0.029437720348351074,0.024402294449396269,0.020273809881913755,0.020038655740105059,0.023815570889939661,0.028178806034169141,0.028906958234745541,0.025288135417041192,0.021378031696649526,0.021776231568963354,0.025962223593110401,0.028475921907474355,0.025929634188518353,0.021999518249961837,0.022532869631817656,0.026742415922319654,0.028005809839534155,0.024323686300684445,0.02196798477851631,0.025099923545880024,0.028256617487087766,0.025788820104399495,0.022384832385194151,0.024654268201956049,0.028360657941777035,0.026309563839619077,0.022756050733665359,0.025180785379487671,0.02878471097425561,0.026131505788279663,0.023078083120097377,0.026559420767646967,0.029249980309255204,0.025371084000808995,0.023909155773994555,0.02863962401290913,0.029099135647305964,0.024465139759903891,0.02599022276882141,0.030717829795309483,0.027861193626818951,0.024565441993946763,0.029461516934994,0.031550760539674968,0.0261765065704715,0.026969064819631777,0.033178136521360828,0.03056148250544335,0.025887744109655556,0.031702081940522677,0.035701885473886174,0.029007889946417124,0.028187854016462857,0.037635349349770254,0.038025041780693291,0.028706611494222207,0.031058111269309632,0.045489911802495354,0.049319372335878331,0.034492999123195452,0.015232971070885636,0.0039911062459162892,0.00050679162040240731
8.1824801069425971e-43,1.5201097653541889e-40,1.5246401208749104e-38,1.0398869772508377e-36,5.3369070458475671e-35,2.1826060319380955e-33,7.3805527681810474e-32,2.1175102478000346e-30,5.2532650331581135e-29,1.1434377066391169e-27,2.2087792038641852e-26,3.8217614986099807e-25,5.9682053068874714e-24,8.4652578412351768e-23,1.0963986520356505e-21,1.3025619095616351e-20,1.4250083809151395e-19,1.4403874485873441e-18,1.349090250858696e-17,1.1737927121806522e-16,9.507673488588237e-16,7.1830018768283274e-15,5.069789955266781e-14,3.3475563170958485e-13,2.0702777492098801e-12,1.2003698475313434e-11,6.5302452140906579e-11,3.3353159025639402e-10,1.6000288763142026e-9,7.2113800873879908e-9,3.0538707529216222e-8,1.2150394181274095e-7,4.5407086829002743e-7,1.5931320375427722e-6,5.2442574080227239e-6,0.000016181832700196028,0.000046749334814039495,0.00012626641695742076,0.00031825220959569463,0.00074687696271208291,0.0016275018070553835,0.0032818299220988449,0.0060984491589269431,0.01038937087160547,0.016122964028227613,0.022612506109464689,0.028388657676995824,0.031565246444458122,0.030826050023673936,0.026626707187554985,0.021614151938200782,0.019329259046461568,0.021516229117384983,0.026170842877596526,0.028801325938510221,0.026718499189564475,0.022279099975411133,0.020723111523539816,0.023952519623317399,0.027700379232292698,0.026834708825219179,0.022653497216841948,0.021444761824862381,0.025095542745446313,0.027764312268176439,0.025078890831043612,0.021701938417919052,0.023642295513164225,0.02746492682612306,0.026166912312202459,0.022300671222709916,0.023480653698313705,0.027504872384564979,0.026363099337202158,0.022523361514530527,0.024206007547655994,0.028034434337179246,0.025881429392156667,0.022639706945572855,0.025800677517308215,0.0285059736998358,0.024756976609943519,0.023481931924489312,0.028062580780050344,0.027986048381222361,0.023668110756322923,0.025948257521393723,0.029804071692054616,0.026100913071673673,0.024367305232327814,0.029605210442811301,0.029268167998190363,0.024559698054575397,0.028123369912491935,0.031834847298204598,0.026732969810022763,0.026496501197552674,0.033022970019024238,0.03056148250544335,0.025926852889394,0.0324073835750031,0.035389342979460817,0.028036127570539863,0.029859586945244659,0.039438485646256407,0.035707530013140132,0.027590063851665017,0.036566010263376703,0.050293396482803109,0.044731904264953905,0.024086360732875752,0.0074426020230453262,0.0010884985256820216
